0 196.02694600797435
1 194.85992360245723
2 198.11031038249783
3 197.89817660053666
4 197.68482126885286
5 196.11030059637358
6 197.50982399571348
7 197.42916510518688
8 194.28489711920605
9 196.23318497735843
10 195.61256451802853
11 196.93628289059774
12 197.7580915217732
13 196.68706667542003
14 194.5392756302632
15 197.52888518487882
16 198.22529542200598
17 198.002644147673
18 192.3236738270309
19 199.1436489458018
20 198.96344390275925
21 196.77154434375535
22 197.60923266393036
23 195.05240417772458
24 197.39108795177438
25 197.9955807587634
26 198.34858640903727
27 197.25900219217345
28 197.97433764987466
29 197.64400446838914
30 196.95738248093244
31 197.93297675782733
32 198.02693489398771
33 195.45735260588222
34 198.567424846891
35 196.35895921234325
36 196.94210039604812
37 197.95503524105092
38 195.37329968501402
39 196.78695628780494
40 196.34810155644374
41 197.45432312163857
42 196.82727059355614
43 194.35904986144146
44 197.644579834238
45 197.5727003171167
46 197.89527753839596
47 194.22317112818342
48 193.38823344010035
49 196.32905670948315
50 195.784713453715
51 196.32995724626022
52 197.94211920244052
53 198.89925656884512
54 197.73784211090936
55 196.72985656058245
56 196.3817772695208
57 196.51276576654558
58 198.25417864795892
59 196.28054471850385
60 197.48896355484956
61 197.35374331387789
62 196.37010284285745
63 196.65368306435445
64 197.32746073294587
65 197.62312614547173
66 199.00145037408828
67 191.3263075081011
68 197.301154628144
69 199.131151096981
70 197.51121368347418
71 195.09580598442565
72 195.9102046717696
73 195.79745984021926
74 198.53034393673957
75 198.9071540136678
76 196.25430317299427
77 193.29662323817695
78 196.8467282083928
79 195.64262116089782
80 197.29630552906534
81 197.1659843615463
82 198.70392033608013
83 196.693292688908
84 198.05938418706305
85 195.0688793250884
86 194.925950349229
87 198.1278245463061
88 196.5181273634083
89 195.05441977103305
90 198.39988892237034
91 198.68353858303675
92 197.54272407056445
93 199.11278858742912
94 197.50052753038457
95 197.40699919858642
96 194.18772089286333
97 198.76406339249272
98 193.77176687642663
99 197.81675382510647
100 198.74213784662237
101 197.95868974906273
102 196.03712323352443
103 197.09982404447206
104 197.52745486848008
105 198.40628729737602
106 197.51174903706755
107 196.75984434333915
108 196.99842220164413
109 197.25164918380398
110 197.65342734341348
111 197.3907705820208
112 198.61331778105918
113 198.44173994699938
114 199.06027941844596
115 197.44946230067887
116 195.90148175043996
117 198.76266939364066
118 198.50566742539115
119 197.13379308811895
120 195.6578763720276
121 199.08223330115436
122 197.5679433163092
123 195.7465458795808
124 196.61715203899286
125 197.4113194095913
126 198.34630776349874
127 196.16411791820775
128 195.94958351607363
129 194.96815343981476
130 196.08613250092804
131 197.28004046482542
132 196.78502182614665
133 195.35842632279872
134 198.24122508040352
135 195.72785695161977
136 193.3973691289248
137 196.84640751577786
138 196.21480576144094
139 198.04339025782286
140 198.73538940484474
141 198.89720076592894
142 199.00474358086586
143 198.15271621494617
144 197.97889212063242
145 197.3460598887599
146 197.13484132402206
147 196.84444448512798
148 198.51225503292196
149 197.81361830736702
150 198.01096016159707
151 197.42535170347682
152 196.2641581123381
153 198.5219713125164
154 195.43196718991496
155 194.40359093624699
156 198.39377143463878
157 196.28812302357483
158 198.3039610073337
159 198.3122184304161
160 197.55631501951896
161 198.11989402862366
162 196.66227091397835
163 194.55502986919572
164 197.890996469207
165 198.08814921855145
166 196.0181158093782
167 195.6035029443372
168 196.09483794083033
169 198.57558193975163
170 196.8761557880296
171 196.20684523577788
172 196.6344639664529
173 198.33013739619724
174 198.3013769420255
175 196.70675146602665
176 196.58133392609128
177 198.33063834782376
178 197.71702863821588
179 197.7873071513567
180 197.34080448508055
181 194.89510316114658
182 192.34864575270382
183 197.67997071185818
184 195.82059197157443
185 197.118424083712
186 197.64210957653285
187 198.16129397301495
188 193.4190845806698
189 197.76427795473302
190 197.6227266131563
191 198.5780460775617
192 198.37033811071774
193 196.54357628582616
194 198.1623587500729
195 196.25026572163137
196 197.38935139242528
197 195.1984948883663
198 198.52813941155296
199 196.9087891028847
200 198.98893642350652
201 197.1921416040237
202 197.14745721112152
203 197.60447738189856
204 195.37344985966226
205 198.5682439817684
206 196.42567701342958
207 196.76275103326483
208 198.09196528755382
209 196.79639078574132
210 196.68243634024398
211 197.48638889367794
212 197.33093571849045
213 198.52608264633992
214 198.786496571298
215 198.41774714585722
216 198.6047449624466
217 196.5278635385326
218 198.1500194556159
219 195.2059017059518
220 192.68432733359504
221 194.8139729778814
222 195.0495610580679
223 192.72256455204493
224 196.09631869246064
225 196.869613927922
226 195.25472976361692
227 195.49722784706427
228 193.81151047809777
229 198.2738005889835
230 194.79854426114937
231 197.10046357970265
232 196.30843079195554
233 196.1776904576774
234 195.48569104186416
235 193.29259006342045
236 197.87815127477728
237 198.17046775122606
238 196.5982631108595
239 195.78468678543658
240 196.8559612206116
241 197.9443269338407
242 197.21535463002547
243 198.20735093610358
244 195.66588504541318
245 198.71450119975017
246 196.60309134610978
247 196.98633377022247
248 197.11385313187645
249 195.38844759706598
250 197.12595891507814
251 198.77892347476717
252 198.74727587854758
253 196.6552037217191
254 198.600100704909
255 197.7907471413422
256 191.4349890936832
257 197.86516516480842
258 196.95386618085053
259 194.89017386043784
260 197.98697753858568
261 198.3450302086045
262 190.07861199323395
263 196.30514098345802
264 198.0056657610317
265 196.3811061667609
266 198.26362331723107
267 198.45677995729017
268 195.69488187927655
269 197.12744844855814
270 195.4174082918328
271 199.13362141419842
272 196.9675263182011
273 197.94557295255754
274 197.72092212684043
275 197.46355825431013
276 193.97256089073497
277 199.43157565525772
278 196.8329970022356
279 197.49926174015795
280 197.90100750275585
281 198.0115784762505
282 197.95968676209932
283 198.05611820456676
284 195.93890596147563
285 196.54750072860634
286 198.44910965450154
287 196.1566026752068
288 193.599297957018
289 197.32208533511113
290 198.4239010360633
291 195.59286403860892
292 195.68303619058946
293 195.98783504167983
294 198.6489361378427
295 198.21387653023814
296 196.36014348410384
297 195.44024284938493
298 194.52480879606185
299 195.482270969972
300 197.10361094551638
301 196.78802317081292
302 198.48877045864515
303 197.12189832184487
304 198.40750529909837
305 198.0272937381785
306 198.87092875600968
307 198.68489642467088
308 197.47095956837558
309 197.2434868408406
310 196.38151126041691
311 195.70734700294275
312 196.58369590641774
313 197.6283573588662
314 197.14625910252946
315 197.24232448976795
316 198.36709681727734
317 198.31830725638775
318 196.4837206063036
319 199.0643546878456
320 198.50656207754156
321 195.41691852915943
322 195.79988590598208
323 198.68570232965703
324 197.20831760811808
325 195.56347455902574
326 197.11157199286268
327 198.59021353219572
328 198.42585191686624
329 196.12938619755073
330 199.04146290847402
331 197.62089724704748
332 197.6530374396238
333 197.3194774680925
334 198.64217082974506
335 198.52295856509386
336 196.83372091166547
337 198.45957864962506
338 197.46392075515973
339 197.73563662525424
340 196.77279188017764
341 196.56324671535765
342 194.5010306064606
343 194.97197216611232
344 196.28481592003072
345 196.24878525624908
346 196.93717671787664
347 198.16272548865152
348 197.98963308662337
349 195.9415503894379
350 197.75917962375027
351 196.76371768454857
352 196.304857076535
353 197.6459833599805
354 197.08055721126107
355 199.1911096852957
356 196.1514942497921
357 197.35899719283108
358 198.20537012846555
359 198.34194898867335
360 196.32122324233677
361 196.36966088902008
362 198.20643703663177
363 197.79971485216205
364 198.44418983627105
365 197.71848422920831
366 198.19013032415003
367 197.19435090035336
368 197.6631025532566
369 197.26837354224247
370 196.29854090498904
371 197.8745566421089
372 196.74065519596368
373 198.3255287472711
374 195.49034482511937
375 198.24974086606943
376 198.3150229623714
377 195.5245795233815
378 197.27276274594902
379 195.25740305312797
380 197.65856831246606
381 196.69831297138296
382 196.380424680258
383 198.0921997880111
384 199.07504855955435
385 194.14731961889774
386 199.23104792183935
387 195.48405197761454
388 196.48900594696636
389 195.93362462602974
390 197.51496361599632
391 196.3207434421069
392 195.8251463457257
393 196.33541555946346
394 197.3519812157858
395 198.12881211500087
396 198.7058984934601
397 199.07701877682248
398 198.84543398574496
399 198.86875895278183
400 197.634938209636
401 197.93547337328997
402 197.46710661273863
403 197.4138780098275
404 198.120476293507
405 198.58426842113207
406 198.04527984332586
407 198.59394682764875
408 198.10720260087965
409 197.85422325035435
410 197.64425111801253
411 198.12090978315672
412 198.63991723408924
413 197.5577527703074
414 195.77210894543757
415 196.10775099419197
416 198.16711893692678
417 197.25110514570255
418 196.7026040540298
419 197.44819771103775
420 197.05732837484825
421 196.07894663664922
422 194.81846955508937
423 194.84282411887827
424 198.3300269834821
425 198.91086166473852
426 198.91365209115833
427 196.19943165971728
428 195.63733872730367
429 197.34580079330274
430 195.1857581727802
431 197.79408484583152
432 198.3489788485178
433 196.81482953326602
434 196.5709002090103
435 196.77830660851365
436 195.64690733586346
437 197.74150553594814
438 197.5177583703963
439 196.27931348397192
440 196.65707254960938
441 194.71135199767866
442 194.50173270481494
443 194.40889160085294
444 198.80358989053943
445 197.09620050461922
446 197.90923019734552
447 194.39082737708378
448 196.82256447559632
449 197.9163350072301
450 197.03554319378696
451 196.65655048265356
452 198.7499357897355
453 196.99303578713278
454 196.51961187412738
455 195.4349100938337
456 196.03366822801948
457 196.71821828027822
458 197.21973817233706
459 199.0272976691185
460 198.18980066476158
461 198.1010652726227
462 198.31204165536298
463 197.12338597241012
464 197.00002627489914
465 197.40327736155515
466 195.4303020605695
467 195.62711938483494
468 196.73916793360266
469 197.96794645589344
470 196.686395638713
471 197.3258916101449
472 196.25824024069848
473 197.57961660912906
474 196.63521831970397
475 198.6064733335749
476 197.54837943107643
477 195.74201583593188
478 197.47044601107288
479 197.13194215603087
480 191.638757251252
481 197.6102352257266
482 195.3149909469422
483 195.39666239312328
484 198.09950383612474
485 196.7888850192787
486 195.75770482895044
487 196.1836048473399
488 198.30433105573536
489 195.24044516387661
490 197.41396713846666
491 196.93871528816797
492 197.69617054088448
493 192.79554219495873
494 197.95749315605553
495 197.85335078491664
496 198.1711589383412
497 197.25113608422583
498 197.9612945367135
499 198.71235100818703
500 198.3976761313967
501 195.3709654847134
502 192.4676438748273
503 198.3477158525383
504 193.67093254491496
505 197.69939368105085
506 197.86721825708585
507 197.54670673402865
508 195.9917343530634
509 192.8321621875673
510 199.01524930247507
511 197.35896478227397
512 197.90858940634695
513 194.91574255069463
514 194.92804210785064
515 197.61107402289693
516 199.40381843281244
517 196.00440535607635
518 198.65023555522586
519 198.165794097216
520 197.85375368768615
521 195.3452555843973
522 196.34574629814074
523 198.6114296811742
524 195.4809816293979
525 199.06122352224318
526 194.08073744033965
527 196.99707132623635
528 196.9577804696784
529 199.06406004098278
530 197.7722978568351
531 198.27329016771515
532 199.01351810216292
533 197.53226923972457
534 197.79044479069978
535 194.03597051487324
536 195.9991383176033
537 197.0252586026489
538 197.95280807313873
539 196.66406805977223
540 198.15494388358223
541 196.61821855347023
542 197.46317223024988
543 196.6098411763583
544 196.42296928214682
545 196.12258054350917
546 197.96268777252178
547 197.21106811136596
548 197.48846047491602
549 197.46469253034638
550 198.0169759524228
551 194.6183079175773
552 195.17834350650273
553 196.51627709588973
554 197.6699811416588
555 197.05234997250687
556 195.8693520831894
557 197.1851932825927
558 196.4236291825102
559 198.464911777969
560 196.86289975036166
561 198.85314292840863
562 198.98419228026086
563 195.41862491868315
564 196.18470672179046
565 196.8131958400618
566 198.75954860611992
567 196.53284574920278
568 197.90190651283115
569 194.79944770973637
570 197.7473347018329
571 196.93347760096268
572 196.57097026137592
573 196.8971582426622
574 195.73964355168036
575 196.3465040524254
576 197.0384256967005
577 194.54850622341348
578 195.35283458182488
579 198.38267330714098
580 197.32582846372185
581 195.85368172302336
582 197.78094764127388
583 195.79435953462678
584 197.38804662799504
585 195.65814901500468
586 197.68393670367055
587 197.33642719840464
588 198.5505862549955
589 196.76277721980955
590 196.9998958491817
591 195.18091836999727
592 196.65600114088275
593 197.36442219243762
594 196.57695694053257
595 196.50808547792693
596 197.9736904711863
597 198.01073203238252
598 198.57704545665175
599 197.196319099808
600 199.00532343049713
601 196.77922495909502
602 198.03290957309224
603 198.53423317037965
604 197.89837470175974
605 198.32275168124593
606 195.12271223115363
607 194.76987332633237
608 199.32990112797052
609 196.95696652800225
610 194.7392577294553
611 197.02862072596218
612 197.39893988286323
613 197.56794653491468
614 196.5813743545675
615 197.62116960118342
616 195.5409164343872
617 197.64481943116715
618 196.24756059419488
619 197.50836538174167
620 194.74421062693082
621 197.09393704845854
622 198.43820929630516
623 194.90891297563988
624 197.37443632295182
625 198.81445843219473
626 197.69581991399923
627 194.56787322456043
628 197.7872792313731
629 195.9504471875539
630 197.03283574852256
631 198.02160344680306
632 197.69615382542028
633 197.543976645584
634 198.72595298761865
635 198.05846642383543
636 198.34529673871452
637 198.6594064435544
638 195.95041454136512
639 197.58309380406445
640 194.96316742063726
641 193.20604010407834
642 197.42629826788053
643 195.7452277326367
644 198.55264077787487
645 197.23450492228523
646 194.71343564644846
647 196.26749512051452
648 198.12369873389704
649 197.66157240634172
650 194.11389351443617
651 195.61773638068524
652 198.59899710887962
653 198.76267716147075
654 197.67788557945084
655 196.1111127494358
656 196.940412851549
657 195.89165677950788
658 197.0172844755852
659 195.48583212339443
660 193.0147149886577
661 198.5414199619308
662 198.9950755448119
663 196.3106447449423
664 197.20361554088961
665 193.3903621894
666 198.8104130810031
667 197.06510691272055
668 195.6562025573994
669 197.26450290209922
670 199.02799668724984
671 196.92276485971348
672 198.6379419516834
673 197.92967195490246
674 195.7144016921267
675 197.9257929397473
676 194.95083740142417
677 197.86972154169908
678 197.6487226710626
679 196.50588283132586
680 195.4092241003089
681 196.8000254065024
682 197.66640934341723
683 197.60600851748669
684 197.84463068495185
685 196.5022368913762
686 197.8383237524957
687 198.10431828518142
688 197.94455611638134
689 195.16163501762648
690 194.51591283231951
691 196.1922304343061
692 198.31372232865797
693 197.35480685032377
694 198.91074516235307
695 195.15146311270811
696 198.28506611245754
697 198.05897558252468
698 197.4382871446734
699 198.31617426994293
700 198.16626798203512
701 198.28819228296814
702 198.20971851622798
703 196.83289570588525
704 198.41406476727164
705 196.86254755320212
706 198.03695257798444
707 199.08267271273385
708 197.33566400708764
709 197.1192846904522
710 194.7422361808312
711 198.3111146717211
712 196.27734717332007
713 198.1257900617918
714 197.95569728042304
715 196.35207090558086
716 194.26505057042863
717 198.43163937160645
718 196.2774543434525
719 198.77694136120834
720 196.2899119446725
721 194.78412442741455
722 196.33908458367586
723 196.31982763409346
724 198.0637523627178
725 194.07931490442166
726 197.20649518369802
727 197.21521477124298
728 196.6793522874422
729 198.5684467582171
730 198.05482002586083
731 197.36771851207428
732 196.6384904944214
733 197.29811405524265
734 196.28076125777324
735 199.31358597891068
736 198.05105865863538
737 197.8478394539155
738 193.11501890068354
739 198.78466060403073
740 195.7410187812062
741 197.80833712449402
742 198.72558699836543
743 195.2187104417635
744 199.08255029298886
745 197.22803604394707
746 196.15084579844697
747 198.94586682792942
748 197.55036549685596
749 197.54050217613602
750 194.15836565381102
751 198.71860876990178
752 197.47106271884383
753 195.55795086307455
754 197.794201290984
755 195.81942344241585
756 196.51462502239383
757 195.05502246058788
758 197.6994455761411
759 197.48028256478582
760 195.16431225795122
761 199.1512551381598
762 198.19035824611643
763 196.1125850845909
764 198.4412589464913
765 198.7761357367356
766 196.80468191347637
767 197.53003506344555
768 197.53187974113567
769 197.85233901669704
770 199.10796048717629
771 197.46908945738133
772 197.23653312710604
773 197.08154902115078
774 197.89428130858286
775 196.51168315843404
776 193.89560619466266
777 197.11798352861715
778 198.68505445889548
779 196.9793734183775
780 195.12706698108678
781 196.52932582719325
782 195.71475214603277
783 198.31430948606618
784 193.48163351358352
785 196.04081207748553
786 198.31972650103006
787 196.38453140161684
788 197.27250540121378
789 198.02018492228734
790 197.46389362973778
791 198.26051953932074
792 197.64381943874102
793 198.20939810109365
794 198.97989848223364
795 195.68851287738266
796 195.51012215947273
797 198.40066446451343
798 197.98177830209704
799 198.5905882561357
800 196.59092488718704
801 197.2149413455232
802 197.2554926667787
803 198.25365859756187
804 199.00672430027993
805 193.8965835642338
806 198.75543087452752
807 197.40682875094055
808 195.1649636194677
809 194.4168200322736
810 196.97291663506732
811 196.8105887969861
812 196.50710086190577
813 197.77847733969605
814 196.97915790188887
815 196.35816134953933
816 197.76654888465637
817 198.41077785347585
818 195.6168407561866
819 198.2095751557878
820 198.11396804706823
821 198.27812273675121
822 195.693064067184
823 196.0440830251458
824 196.76600199834095
825 198.49108391922647
826 197.40617861475425
827 197.07993545453758
828 197.76261440303685
829 197.26040807216467
830 198.99789693025528
831 197.54385852213898
832 199.33488657876933
833 198.49238542167407
834 198.1847855233076
835 196.43746769555108
836 197.8822756546527
837 197.4244571144886
838 197.31696025328233
839 197.23857078159642
840 194.672987017405
841 197.91113677606083
842 196.12284745076133
843 195.66511553016198
844 198.14049449267492
845 195.0424453165057
846 199.0486716728358
847 195.66955813300632
848 193.4083426486996
849 196.80645300886616
850 198.66919955485955
851 198.566250949016
852 192.18535953843454
853 198.66381474625652
854 197.22191586503737
855 197.291321803849
856 198.20121233877236
857 198.12478574507094
858 197.30018016349774
859 197.79239816567826
860 194.20090987567863
861 197.1817242913399
862 195.94318773264237
863 196.60814163151318
864 198.1984232520962
865 196.74285251129874
866 195.06325738828895
867 194.82606411189823
868 198.91958174096385
869 197.9847910797295
870 195.54452563225527
871 197.71574244815903
872 195.37235858156166
873 195.4522831055553
874 195.47205209973873
875 197.898748512269
876 198.02425304116568
877 196.46247843093354
878 198.41442226598892
879 197.63424537689954
880 198.62070025585135
881 195.40684395032807
882 198.65140354115997
883 195.5566834117759
884 197.6552384565888
885 193.4607635129841
886 198.5832895845993
887 198.57880622272563
888 197.5540823892502
889 195.55618298543058
890 198.8317856250512
891 196.29700989904885
892 194.8097621923185
893 196.07960081258986
894 197.98175753548702
895 197.94092588132153
896 197.90354051770063
897 196.45192233229398
898 197.37933562013194
899 196.0095993112899
900 196.543032249861
901 197.83935317443095
902 197.31013928767848
903 198.45664104070545
904 195.8797817256515
905 197.2312565385169
906 193.65089711264207
907 197.8978904735586
908 198.67325310444394
909 198.67054032416442
910 197.53531022590448
911 198.1841440420502
912 198.37237704624292
913 196.63247165152134
914 199.31570120093622
915 197.39732572242855
916 195.80357733785482
917 197.55062642269704
918 197.92350613483177
919 196.03698630615602
920 197.9558367201826
921 196.79245381353903
922 196.43958138215365
923 195.6161418708174
924 195.39513055023016
925 197.478873128206
926 195.76401333162977
927 198.5204554755406
928 196.99734358604763
929 196.03581078990192
930 198.46584681448144
931 198.35892504494709
932 196.81157185222378
933 196.8540932752503
934 196.53393631109913
935 198.52420072454947
936 198.20619739348476
937 198.89470192828583
938 198.67132842721384
939 194.5026093277987
940 197.4689909187651
941 192.74150187817634
942 197.36816821776637
943 198.01146099613598
944 197.18665381958218
945 198.86984969637157
946 197.36978018593695
947 195.7051883929661
948 197.5315864201478
949 197.22630278724492
950 196.336266115818
951 198.69656667598073
952 197.50379737786037
953 194.42689265193738
954 197.2904293038753
955 198.3365674953167
956 196.84023337532273
957 195.66872514533333
958 197.20463997188773
959 197.1198858654381
960 193.46423286179362
961 198.41417672779693
962 198.31133305855462
963 194.9607833904486
964 198.1771659637465
965 195.9149768266877
966 198.1319626288589
967 196.17665625614177
968 195.67935514528222
969 195.53257525995352
970 198.50982827492962
971 196.84268729343825
972 198.02842530414628
973 196.7286584022648
974 196.62549957203694
975 196.68516431047212
976 198.62871002288517
977 197.93013696305346
978 193.27756727779865
979 198.37923003879746
980 197.5034832078255
981 197.72313929697836
982 198.5660300652987
983 195.86600648078547
984 198.15461135184313
985 197.43416624282636
986 198.1238412593749
987 197.68978223469213
988 194.9416718658278
989 196.74543758144205
990 196.84323652173353
991 197.70125617196103
992 196.2726772921987
993 198.74054911115513
994 198.26359440308897
995 196.08488952957575
996 196.39109947668203
997 197.40830666537244
998 198.9163579535377
999 198.04986607058927
1000 196.44315412111007
1001 197.2232237846243
1002 196.93158532997967
1003 198.85391369507747
1004 196.41323281071095
1005 197.82620881217747
1006 196.63599452609125
1007 197.27897931675588
1008 196.25793938723584
1009 197.1093555218875
1010 197.2663174492797
1011 196.41757119991598
1012 197.73005289891165
1013 197.3291208463786
1014 195.55366384336457
1015 195.15270195442213
1016 197.5986914604386
1017 195.30444319162422
1018 198.90421996524702
1019 195.68191945651515
1020 197.39417356366198
1021 198.97351518059335
1022 196.85756352443272
1023 196.25455132042615
1024 197.6057893949187
1025 197.78895697629798
1026 196.2867550183655
1027 195.58066020037728
1028 197.88851418656918
1029 194.73194125162007
1030 198.0612287649891
1031 198.73890340693424
1032 197.42943565078136
1033 197.77387404589365
1034 195.69688543791068
1035 195.73706294254896
1036 198.12063314241968
1037 195.18669937973036
1038 191.0244417367945
1039 197.73857433285616
1040 194.97093585369993
1041 198.82637701340622
1042 196.63496050960384
1043 197.04303872128258
1044 198.03169755364058
1045 199.15290145399442
1046 198.31351441593688
1047 197.3895247683632
1048 195.85975460092294
1049 196.25710436707217
1050 197.33836442325176
1051 196.74130765800686
1052 195.53201892085676
1053 198.08545432239112
1054 198.53721349743608
1055 194.94988685053949
1056 197.6900396519589
1057 195.30654145305724
1058 196.37429151998583
1059 198.51000162026344
1060 197.23542349658103
1061 198.56429591363514
1062 195.81238333248137
1063 198.59609958735544
1064 194.31981301060745
1065 197.98565245749532
1066 198.7649192648852
1067 197.32075277306112
1068 199.05191637566884
1069 197.94088488419038
1070 196.2134932390388
1071 193.64900778586278
1072 194.85878692327196
1073 196.62919060020067
1074 196.7792666097005
1075 196.95879425959401
1076 197.3992040222059
1077 191.12241357970592
1078 198.1509198659216
1079 193.70820931434164
1080 193.58697200335573
1081 197.038731135005
1082 197.83389497252486
1083 195.8053752209609
1084 198.60734599448605
1085 198.98058854477384
1086 197.20973291707514
1087 194.94613639492584
1088 194.18386191501983
1089 198.9272970035807
1090 197.44398181174046
1091 198.46099968502372
1092 198.03368479861518
1093 195.40628181681475
1094 196.6215809177927
1095 198.30757866359733
1096 197.66618567050156
1097 194.81922681391956
1098 198.12908277222186
1099 197.98463969729406
1100 198.23345494238526
1101 198.42205832135005
1102 197.58997094593613
1103 194.76344741427195
1104 194.80727230005462
1105 197.26709629936042
1106 198.01884350606147
1107 196.71735260598837
1108 197.28455842996092
1109 198.05429234289096
1110 197.86459183851395
1111 198.47340745897458
1112 197.13574003716323
1113 196.27392525958965
1114 197.2580886058859
1115 196.37802758501593
1116 195.9510952216714
1117 198.0732847861614
1118 198.35635088314052
1119 197.83194057059492
1120 194.4170514627109
1121 196.95600188464127
1122 195.9619405237098
1123 198.03924425460116
1124 196.28669243075655
1125 196.74112958170514
1126 197.10550655088625
1127 196.228959668857
1128 198.09525882096958
1129 195.1968952213041
1130 195.55516925182647
1131 196.89262511067324
1132 197.03426098016558
1133 197.10302349231134
1134 198.30142957511757
1135 197.9927577702289
1136 198.41169953769116
1137 198.44829806331188
1138 195.90032668355022
1139 197.97309275332233
1140 194.17660867174854
1141 198.64724130966496
1142 197.5268272546225
1143 197.51596164151206
1144 196.56753288564553
1145 196.8985219250941
1146 197.05308401797103
1147 197.99735967176437
1148 194.01277788736667
1149 196.8273472786566
1150 198.01883584893213
1151 198.2333876233395
1152 195.7748844318939
1153 196.60700805576738
1154 196.5006133897685
1155 193.95349375801115
1156 197.11999508413476
1157 197.4761671593152
1158 197.89007229842258
1159 198.9145287768843
1160 198.3926976367945
1161 195.85230546010098
1162 197.64425763707905
1163 198.7855235291463
1164 197.2144797288702
1165 196.64089699346079
1166 198.48958054859295
1167 196.83960087715323
1168 198.62701867072525
1169 197.88602532855606
1170 197.51582215103682
1171 197.6748741535624
1172 198.42610621587488
1173 198.5180267852602
1174 196.41854122538743
1175 195.3343897433497
1176 196.33496378616542
1177 198.71918408385602
1178 197.49189933254294
1179 196.98502678374692
1180 197.73140300910936
1181 197.86677584265078
1182 195.07017083941278
1183 196.62557666995113
1184 198.3462684632328
1185 198.2689706403212
1186 198.6370507660258
1187 198.6057652738208
1188 195.60299086689565
1189 197.19720224907772
1190 197.05331885599534
1191 198.31783092298247
1192 199.15584860256425
1193 198.34206076736487
1194 195.71786041170915
1195 196.61153317426314
1196 197.78269089401695
1197 197.19481985466038
1198 197.90751989809544
1199 196.80805583834083
1200 198.98269569243325
1201 198.6265256704201
1202 197.33353169705765
1203 199.22609143690485
1204 196.75109841978497
1205 197.93477465625537
1206 191.80198122021577
1207 197.98773247953002
1208 198.3403432938788
1209 196.85732706069734
1210 195.27623209764653
1211 199.1368131719871
1212 195.51517265067915
1213 194.66817999662933
1214 198.36843439438763
1215 197.3295114925427
1216 197.01059402038365
1217 198.813873839526
1218 196.58331769157562
1219 196.32187091527246
1220 197.11793742991406
1221 199.0497456419541
1222 196.50086997998716
1223 197.05505374240272
1224 197.11481425808665
1225 197.28648338245952
1226 195.84194938894825
1227 196.0774975912988
1228 196.3308604387768
1229 196.26176559841744
1230 197.27438646329765
1231 199.27452643015417
1232 195.92982415707803
1233 197.44723836837395
1234 197.90216233931196
1235 197.60629752354424
1236 194.56840639844654
1237 195.36890900627765
1238 198.60316086141646
1239 197.50926612824492
1240 196.92276661235488
1241 198.94004193781032
1242 198.57051644189275
1243 197.83689626170906
1244 197.86420614300684
1245 197.2756081297421
1246 195.98472864700443
1247 196.51697346878112
1248 198.21497094206535
1249 198.23763450642878
1250 198.52199061026485
1251 195.9512827541039
1252 197.24651239201395
1253 195.64158543285237
1254 197.57582944244925
1255 199.3433582598836
1256 198.17278936897716
1257 196.69117884683007
1258 196.72893319717824
1259 195.00523470806826
1260 196.1132095043786
1261 198.90201856002858
1262 194.11401288933266
1263 197.23604573706317
1264 196.48681787447782
1265 198.26586727607406
1266 197.45906092815892
1267 198.58006402453165
1268 193.74194078866861
1269 198.6637153118221
1270 198.94982415219926
1271 197.91435550412584
1272 196.27766573243164
1273 198.75498139214392
1274 195.73856478587203
1275 198.9180087689225
1276 197.4488485788724
1277 197.42544877158767
1278 196.02826005709105
1279 199.0096198470873
1280 198.34867821021106
1281 197.185054930183
1282 198.81949286162597
1283 197.2675240550836
1284 198.43253492321733
1285 196.66110212361485
1286 196.87629122388213
1287 196.17449663861902
1288 197.99112461374466
1289 197.43339960945661
1290 198.70885553301267
1291 197.05202214407421
1292 196.67986377759794
1293 198.8623596825624
1294 197.4035203100647
1295 196.83068040265385
1296 198.32903622578945
1297 196.1407899969532
1298 197.3872065350408
1299 196.7841078175827
1300 196.88348974325356
1301 197.3122587130328
1302 195.63286891354213
1303 198.65267091003363
1304 196.04259442964982
1305 198.93751930008798
1306 192.24393673279127
1307 198.33482460980616
1308 196.4503300938813
1309 197.33402830799878
1310 197.5256532833392
1311 197.3201647015771
1312 198.7668218511324
1313 197.10598922498144
1314 198.28815877307377
1315 198.27555376882432
1316 197.622599426837
1317 197.85590528861766
1318 195.3816985450992
1319 197.6208185836501
1320 195.87770394143962
1321 197.37448021217105
1322 194.98942799640386
1323 198.8468151000688
1324 196.6503561128753
1325 195.54167855184468
1326 198.22693838280486
1327 196.33892035181333
1328 197.68978223469213
1329 198.1007342546243
1330 198.9901719005968
1331 197.2905174198405
1332 192.36800757009874
1333 197.16517627735638
1334 197.94677702817398
1335 197.57069516558354
1336 198.0065788346662
1337 197.34778123994738
1338 194.71367925317782
1339 198.17829179071987
1340 197.03687648781977
1341 197.17562265822747
1342 193.768416852356
1343 193.67884454947466
1344 196.22016803858116
1345 197.9249245126641
1346 197.67074122312025
1347 190.78794885264077
1348 196.13583534479724
1349 198.3561520537912
1350 196.8678126841461
1351 192.51602327874468
1352 196.3898465612809
1353 198.1961513905372
1354 196.86727082045243
1355 196.2325826152526
1356 198.64861553086863
1357 195.78971160556608
1358 195.3350827357966
1359 197.2760200013672
1360 195.22925713008803
1361 197.68772551020388
1362 191.9371206450497
1363 198.51570516940478
1364 196.20568544800466
1365 196.59892101753525
1366 197.50253162934393
1367 198.22145771328016
1368 198.73552009021296
1369 197.87958204536145
1370 198.75595076935028
1371 195.73964802374655
1372 198.00619819947798
1373 192.38138772994762
1374 198.73089553654484
1375 197.43131306694292
1376 195.73342356399488
1377 196.1848822897666
1378 197.7016311171481
1379 193.48678231765368
1380 198.69879168947395
1381 193.63855886324902
1382 195.26576819906444
1383 197.41532406199983
1384 198.26355540137624
1385 198.27576414032097
1386 198.34810578113735
1387 198.5811460491477
1388 196.73680999704277
1389 194.34429365152735
1390 198.86844086292356
1391 198.18375596726196
1392 195.49743080725776
1393 195.20983116958595
1394 192.8107049396586
1395 196.68262751471656
1396 198.0740864565238
1397 196.49826248229488
1398 199.2699174486706
1399 195.36883540204164
1400 198.3174263938396
1401 197.30542082070315
1402 199.10257473550894
1403 197.82470698248187
1404 197.982381986546
1405 193.53539355556717
1406 198.17056198616893
1407 196.69496116209
1408 197.7377862618689
1409 196.70676726100814
1410 196.2542165754993
1411 198.0992485905689
1412 196.24277615442833
1413 197.66407095325238
1414 196.12808164055136
1415 198.4644132739367
1416 197.71145758063847
1417 198.52916000697232
1418 197.67057318147857
1419 198.14345783560213
1420 198.69244312438772
1421 199.00157418512512
1422 196.90273599969535
1423 196.5585154604094
1424 197.12196549467384
1425 198.85597999154285
1426 197.32605562041277
1427 198.4803135660895
1428 196.0668537545768
1429 195.18914710933353
1430 196.0252578886406
1431 198.07869091106946
1432 198.39771649422366
1433 199.1337490231126
1434 197.40120179209336
1435 197.73674082301585
1436 197.91677609594234
1437 198.00327160005412
1438 198.62429446274362
1439 198.0219297898174
1440 197.0383330338993
1441 197.59319002867093
1442 198.94837225928956
1443 196.55895772659946
1444 198.95443496773981
1445 197.94909922539182
1446 198.0057452746701
1447 195.52360881877323
1448 198.0495638066515
1449 196.93426082834822
1450 197.9720763060172
1451 197.57121272674962
1452 196.07849731038257
1453 196.53577326826598
1454 195.386541395642
1455 198.2893773088336
1456 198.2261784199461
1457 197.6252918057654
1458 196.5233821186173
1459 198.81805116341403
1460 196.20628400752932
1461 198.09661456428924
1462 194.65878033110084
1463 198.04979562682294
1464 196.7917796391278
1465 199.12267234512854
1466 195.53064225381524
1467 197.8213236752004
1468 198.31475925708793
1469 198.11125995518827
1470 196.00884785899393
1471 197.08057415891946
1472 196.93347398375485
1473 196.85606429339663
1474 197.85724417214476
1475 197.71410335410843
1476 194.79740889517734
1477 195.34995892571953
1478 195.2409033543061
1479 196.28693802143556
1480 198.9533150589994
1481 198.37683258072738
1482 197.4667802686243
1483 196.84434171621544
1484 198.57716938535452
1485 198.0240940210358
1486 193.5015166191813
1487 196.74033541470575
1488 195.30826046763224
1489 197.26405199334954
1490 195.30230885712024
1491 197.9090700296477
1492 197.5361032249789
1493 198.40522296961953
1494 197.90335825039944
1495 195.89991866843536
1496 195.6811867253176
1497 198.5546852511274
1498 197.32296571831944
1499 197.38960632504936
1500 197.08808732992853
1501 192.07540846954322
1502 196.74543647643665
1503 198.09113823262578
1504 197.20378395809408
1505 197.8640078540516
1506 198.3436434805997
1507 193.36785632143133
1508 198.5223819759492
1509 195.3040292228552
1510 198.3138058826914
1511 196.5153655161208
1512 197.5157312021435
1513 198.14615850080364
1514 194.42230539181483
1515 198.88574954699789
1516 196.00310342769572
1517 197.38823388115188
1518 196.92939307448128
1519 198.34391698783637
1520 198.40887267403576
1521 198.9703214468757
1522 195.21689023609017
1523 194.8801761148953
1524 196.49909425352902
1525 196.8726293812233
1526 195.37904724772196
1527 197.50740101558668
1528 197.93289798683642
1529 196.62849592658594
1530 197.3515634837101
1531 198.70884837028
1532 197.9366287151768
1533 197.69110988365995
1534 196.10747960082762
1535 197.08457159779388
1536 195.98088173262462
1537 198.96042320019325
1538 198.45300003908707
1539 198.8730407021527
1540 194.36521632056576
1541 197.6105797445288
1542 194.98178413315125
1543 198.55898285520954
1544 196.96078703894338
1545 197.62619003364296
1546 196.74808534607
1547 197.18514396982025
1548 197.78316996538663
1549 196.69641515287014
1550 197.8137209780539
1551 197.1801837422589
1552 197.08084195594427
1553 196.9939771954897
1554 197.16005946708913
1555 196.25375872997836
1556 197.35172491913718
1557 196.30883479895158
1558 197.17746114908923
1559 197.33339150229773
1560 197.63270542952287
1561 192.09141615327303
1562 192.8229947088791
1563 195.09632252069704
1564 199.070632357788
1565 196.17818621456217
1566 197.05163438264935
1567 193.83846606511295
1568 198.68837993280465
1569 197.54474355736463
1570 196.94849169370846
1571 198.67683315768275
1572 197.457885274172
1573 197.12512269965896
1574 197.5349045966039
1575 196.5982090167587
1576 195.80230338136369
1577 197.0180725673126
1578 197.62945695846759
1579 196.9271160217666
1580 196.62143030631586
1581 196.6278664696601
1582 197.53206811269158
1583 198.54095931555824
1584 195.02364542741464
1585 196.68880840793994
1586 198.11884760709427
1587 196.21758463014498
1588 197.24692089697112
1589 197.92163906312715
1590 197.3221717510868
1591 197.93217458115234
1592 198.31227599360184
1593 198.40314108025942
1594 193.91164727576555
1595 197.32726035836126
1596 199.0609335809057
1597 196.66490225376856
1598 197.30325469419415
1599 197.18499530338602
1600 198.07028487336314
1601 197.4338994893246
1602 198.0467659757206
1603 195.8560275394862
1604 199.0321968935393
1605 197.05496907087442
1606 195.86368942201116
1607 198.1774718805141
1608 196.81471709442314
1609 194.78906070122147
1610 198.35026260995343
1611 196.72835192459132
1612 198.15794643746767
1613 196.35680349196247
1614 196.64599757166386
1615 198.91229889524408
1616 198.3448418055514
1617 193.49606732673965
1618 197.91060520115408
1619 196.0007137433714
1620 196.4476765026288
1621 198.54634443266383
1622 199.0784631903793
1623 198.65312401372168
1624 198.51999218049608
1625 197.2298382825622
1626 194.8411107425519
1627 198.68349797398326
1628 198.8663008947191
1629 195.886819463584
1630 198.04855072252226
1631 195.72375923109334
1632 194.08246908004608
1633 193.60625248261044
1634 196.91032951654745
1635 195.55711432068446
1636 197.1959685186287
1637 198.62137077210224
1638 198.51897163266216
1639 196.6899967616368
1640 196.14172879811187
1641 194.6921874216228
1642 197.1680832790615
1643 197.13873368604303
1644 196.98256433855693
1645 198.39339098586464
1646 197.91988721320763
1647 195.6430892005454
1648 197.13444462607828
1649 196.9544312065947
1650 197.31780977847984
1651 195.24168514797765
1652 197.16605089306196
1653 197.2418857635236
1654 198.87911951226974
1655 197.6196330041138
1656 196.02308736930968
1657 195.03521423853638
1658 196.90660474228272
1659 197.38242411311217
1660 197.54525076485004
1661 194.13498374387888
1662 198.13918028117675
1663 196.92873174634968
