0 171152.19047619047
1 210453.62465269008
2 516276.7634854772
3 531928.1231841951
4 568069.752186589
5 322.75915822291506
6 662640.4965089216
7 828891.1650485437
8 805233.3660451423
9 814985.9938208032
10 699732.319391635
11 924760.710553814
12 756932.7209098863
13 812770.648815654
14 887198.3104540656
15 633724.5839636914
16 414109.5132743363
17 710280.8298755187
18 466948.031026253
19 753730.5555555556
20 958090.7766990291
21 1168197.8947368423
22 1250157.7981651376
23 817404.8859934853
24 1205208.7591240876
25 920867.8997613366
26 1144523.1506849315
27 1343644.3410852712
28 1309938.3757961784
29 1148197.1036585367
30 1153474.5588235294
31 1262131.6279069767
32 1227383.6140888208
33 1133763.5431918008
34 1266134.4347826086
35 1455401.6920473773
36 1322687.38317757
37 1466067.808219178
38 1481082.6923076925
39 1544551.6579406632
40 1354430.956521739
41 1404723.0902777778
42 1238718.5667752442
43 1288350.3333333335
44 1292678.0487804879
45 1600052.6785714286
46 1121236.1589403974
47 1419081.418918919
48 1343585.3951890033
49 1464978.4853700516
50 1352818.8963210704
51 1319452.7972027971
52 1234240.6837606838
53 671398.4389348025
54 1265569.2708333335
55 1580183.836589698
56 1120827.195467422
57 1499937.7855887522
58 1468796.928327645
59 1311916.9491525423
60 1320156.418918919
61 477.10843373493975
62 1379296.4476021314
63 1209006.4412238325
64 1361174.6113989637
65 1435641.652892562
66 1283286.0215053763
67 9.038461538461538
68 1359386.0068259386
69 1540348.8288288289
70 1449888.8316151202
71 1408378.621908127
72 1433569.6308724831
73 1332604.1884816755
74 1409420.2464788733
75 1444676.1824324324
76 1399414.211438475
77 1529335.7142857143
78 1360621.5719063545
79 726089.9151743638
80 1478010.5545617174
81 777169.1614066727
82 1241356.1016949152
83 1202149.8546511629
84 1552514.6616541352
85 1330232.5938566553
86 1561189.9641577061
87 1523123.103448276
88 1668485.9259259258
89 1261636.0544217688
90 1449951.3011152416
91 1499403.490401396
92 1407691.095890411
93 1179092.1951219512
94 1566108.4714548802
95 1356310.4529616726
96 1244795.7555178269
97 1340776.277372263
98 1466863.7010676158
99 1494882.7160493827
100 1375411.0307414106
101 1565912.5886524823
102 1459944.5595854921
103 1443987.3949579832
104 1482423.4375
105 1441228.5472972973
106 1395956.25
107 804398.8582302569
108 1399354.7008547008
109 1459753.242320819
110 1346705.944055944
111 1311230.9210526315
112 248.96694214876032
113 1483411.231884058
114 1367096.6832504147
115 1360895.1807228916
116 1321417.0068027212
117 1268360.0644122383
118 1344396.2432915922
119 1582156.3868613138
120 1305189.7746967073
121 1447909.2526690392
122 1467664.8745519712
123 1236093.5652173914
124 1421506.3439065109
125 1226658.536585366
126 1343231.7375886524
127 672647.7192982456
128 1485566.9131238447
129 1251881.9699499165
130 1372259.1911764706
131 1400785.2233676976
132 1307309.0443686007
133 1481048.3516483516
134 1247627.392739274
135 1487428.4710017575
136 1414888.3561643835
137 1358632.3529411764
138 1472787.8583473861
139 1384981.3953488371
140 1370936.974789916
141 1469972.366148532
142 1349570.0
143 1373806.4364207222
144 1351153.9594843462
145 1282730.495356037
146 1362952.9197080291
147 1461464.946619217
148 1306464.7368421052
149 1283386.1702127662
150 1563868.0147058824
151 1394071.6878402904
152 1359784.4133099825
153 1240623.4741784038
154 1051106.3649222066
155 1533815.4954954954
156 1270422.7929373998
157 1493338.698630137
158 1182065.0974025973
159 1533800.1845018452
160 1044672.9936305732
161 1370297.8798586573
162 1289610.9347442682
163 1412471.353251318
164 1569237.6344086023
165 1536903.4234234234
166 1405306.834532374
167 1248815.2709359606
168 1441678.0775716696
169 1349070.9470304975
170 1337117.729393468
171 1088641.0714285714
172 1350002.8380634391
173 1394856.0209424084
174 1247957.7966101696
175 1374880.1754385964
176 1254695.3608247424
177 1365629.009009009
178 1345509.8305084747
179 1320557.1942446043
180 1427447.1698113207
181 1243071.7013888888
182 823523.6080178174
183 1457572.2735674677
184 1325157.067137809
185 1432300.6791171478
186 1399479.1814946618
187 1513281.1287477955
188 1456800.3636363638
189 1468399.8185117966
190 1308676.3422818792
191 1424657.142857143
192 1275346.2437395658
193 1446795.818815331
194 1273378.923766816
195 1349876.7195767194
196 1376145.8483754513
197 1484234.3807763401
198 1136.4425162689806
199 1512981.4432989692
200 1342448.0737018427
201 1292248.8038277512
202 1383229.900332226
203 1277749.1610738253
204 1244910.8658743633
205 1442122.3905723905
206 1243123.1164383562
207 1369113.1447587356
208 1427336.0683760685
209 1375493.1283905967
210 1455610.2430555555
211 1330149.213836478
212 1344858.2608695652
213 1330546.688741722
214 1277547.652173913
215 1489469.120287253
216 1451852.233676976
217 1346228.5198555957
218 1424057.975986278
219 1371417.9673321233
220 1324875.822368421
221 1486939.786856128
222 1276545.7711442786
223 1544928.7569573284
224 1276627.6131045243
225 1430916.78700361
226 1327913.8364779875
227 1439028.021015762
228 1386616.4075993092
229 1330355.944055944
230 1305746.4157706094
231 1437268.2568807339
232 66.11940298507463
233 1458746.0288808665
234 1417411.205432937
235 1415896.1871750432
236 1231280.0675675676
237 1522310.1967799643
238 1426662.6465661642
239 1459912.6126126125
240 1356892.9078014183
241 1275340.909090909
242 1497614.128440367
243 1375124.2088607594
244 1352074.7884940777
245 813177.7990430621
246 1087430.344827586
247 1065637.8016085792
248 1584016.1350844277
249 1445624.9158249157
250 1180012.893982808
251 1373737.061769616
252 1539278.5971223023
253 1513743.6697247706
254 730.0751879699249
255 705999.1847826086
256 856685.0562947799
257 1669967.8787878787
258 1743223.2558139535
259 1572793.6633663366
260 1693456.7510548525
261 1612754.6370967743
262 1767688.5177453028
263 1836428.9855072463
264 1714943.2098765431
265 1615166.7946257198
266 1461211.7988394585
267 1659601.9723865876
268 1545521.6386554623
269 1654761.111111111
270 1687411.9607843137
271 1396289.4538606403
272 1562298.0620155039
273 1626852.400835073
274 1504061.7424242424
275 1574596.04989605
276 1556189.375
277 1530838.524590164
278 1592892.3694779116
279 1684844.285714286
280 1695804.705882353
281 1539332.1792260692
282 1521152.9411764706
283 1406740.4214559386
284 1670016.129032258
285 1447386.749116608
286 1549026.7489711933
287 1746880.2521008404
288 1582639.3063583814
289 1522870.7753479127
290 938254.4520547944
291 1638469.2783505153
292 1611378.9783889982
293 1259453.0346820808
294 1477165.8585858585
295 1508014.980544747
296 1643842.917547569
297 1548870.6967213114
298 1779830.5376344088
299 1501998.8
300 1706512.448979592
301 1668751.1811023622
302 1425178.2196969697
303 1127268.75
304 1661219.5329087048
305 1655347.9591836734
306 1480803.7735849058
307 1563103.8961038962
308 1606630.694980695
309 1670699.1341991343
310 1743633.1983805667
311 1686553.7037037036
312 1598643.8356164384
313 1779947.3029045642
314 1680827.6231263382
315 1469271.8940936865
316 1409965.913370998
317 1751287.351778656
318 1317980.0
319 1589168.9217758984
320 1159951.2328767122
321 1771890.740740741
322 1792826.6094420599
323 1672160.2020202018
324 1508646.2598425196
325 1543699.6233521658
326 1596949.6907216494
327 1768046.6522678188
328 1798418.2572614106
329 1669371.629778672
330 1677084.860557769
331 1640841.226215645
332 1626426.0683760683
333 1705808.653846154
334 1692588.9795918367
335 1117633.0578512398
336 1518615.1515151516
337 1475794.2231075696
338 1688896.2732919254
339 1754689.2933618845
340 1566612.7348643006
341 1691566.3201663203
342 1652064.6245059287
343 1623193.501048218
344 1458480.627306273
345 1517962.4535315984
346 1649558.1967213114
347 1584458.8007736944
348 1548661.4624505928
349 1595213.3333333333
350 1678420.3354297692
351 1729987.1578947369
352 1650971.572580645
353 1784979.9145299145
354 1505287.3727087576
355 1479474.7553816047
356 1703245.2631578948
357 1805852.3711340206
358 1746714.498933902
359 1594556.275303644
360 1650981.9607843135
361 1950929.411764706
362 1515570.1010101011
363 1495080.396039604
364 1548408.1466395112
365 1637273.5772357725
366 1466643.3663366337
367 1650240.7331975559
368 1378082.910321489
369 1558416.9014084507
370 1474496.551724138
371 1693032.1063394684
372 1304966.8202764976
373 1781583.3671399597
374 1623633.3333333335
375 1733955.2577319588
376 1629970.5636743214
377 1665120.5645161292
378 1808093.153526971
379 1831047.272727273
380 1097092.8985507246
381 1503602.3210831722
382 1713411.5062761507
383 1271691.7207792208
384 1623773.2365145227
385 1589529.8311444651
386 1485558.1352833638
387 1040114.0350877193
388 1443292.1722113502
389 1878657.7167019027
390 1555212.5
391 1640777.7551020407
392 1649770.325203252
393 1602458.0086580086
394 1757333.8842975204
395 1514426.6304347827
396 1579851.2974051896
397 1448284.942084942
398 1610936.873747495
399 1681138.5999999999
400 1628313.243761996
401 1552065.1821862347
402 1566886.382113821
403 1775092.7350427352
404 1639527.6
405 1634344.3113772455
406 1507514.177693762
407 1610336.8932038834
408 1487054.802259887
409 1599443.0084745763
410 1516038.2113821139
411 1668089.4849785408
412 1559356.3265306123
413 1599629.8507462686
414 1511212.8352490421
415 1572165.9176029963
416 1603703.8383838383
417 1598388.8429752064
418 1734310.4166666667
419 1743274.8878923764
420 1716136.217303823
421 1745578.9256198346
422 1419780.5147058824
423 1652328.6
424 1526375.903614458
425 1711431.1154598824
426 1127921.7207334274
427 1504227.5720164608
428 1098923.6439499303
429 1432228.6274509805
430 1752902.0833333333
431 1601.7241379310344
432 1408378.937381404
433 1863726.219512195
434 1649340.657084189
435 975.5924170616114
436 1470719.2607003893
437 1496444.0329218106
438 1441192.3791821562
439 1708818.2952182954
440 914872.3776223776
441 1634035.8452138493
442 1667232.4649298596
443 1675718.5110663984
444 1638271.3701431493
445 1637853.8314176246
446 1566239.11205074
447 1649316.4179104478
448 1632411.9691119692
449 1590825.1572327043
450 1376952.9209621993
451 1652134.9609375
452 1723790.0793650795
453 1677067.213114754
454 1525659.5833333333
455 1724835.7873210632
456 1346952.0353982302
457 1701169.2
458 220.22684310018903
459 1503651.5212981745
460 1635615.0
461 1584631.013916501
462 1826100.0
463 1591583.7259100643
464 1537333.198380567
465 1628452.8155339805
466 1652766.735966736
467 1879353.982300885
468 1599302.1113243762
469 1717364.3410852714
470 1673142.0382165604
471 1760084.9898580124
472 1503199.6261682243
473 1703013.535353535
474 1638209.7888675623
475 1698846.3465553236
476 1533830.101010101
477 1684083.766233766
478 1616929.142857143
479 1856256.9868995633
480 1668293.018480493
481 1519630.4435483871
482 1699004.8096192386
483 1624439.7177419355
484 1064629.2091836734
485 1520160.9540636041
486 1514091.651205937
487 1808953.6796536795
488 1492701.0060362173
489 1404213.1313131312
490 1379597.4545454544
491 1642394.3907156675
492 1480957.085020243
493 1720551.8828451885
494 1570344.6502057614
495 1696198.144329897
496 1619656.8085106383
497 1547568.1017612524
498 1466785.2295409183
499 1592703.4412955465
500 1527338.4219554032
501 944509.2207792208
502 1664579.387755102
503 1777050.6249999998
504 963200.7177033493
505 1619425.590551181
506 1643742.3694779119
507 1529075.7201646091
508 1737739.278557114
509 1540192.569002123
510 1473900.0
511 1683217.612524462
512 1439623.5643564356
513 1627914.6044624746
514 1640479.4238683127
515 1661545.472837022
516 1459869.2870201098
517 1138790.142857143
518 1635908.523908524
519 1683450.9689922482
520 1479534.011090573
521 1629550.2946954814
522 1175546.4534075104
523 488.1118881118881
524 1509234.022556391
525 1469336.0236220474
526 1643116.1793372321
527 1604201.5414258188
528 1753278.6749482402
529 1990.4761904761906
530 1657344.6502057614
531 1827783.0769230768
532 1612236.8951612904
533 1708666.3223140496
534 1400091.5641476274
535 1579353.469387755
536 1725112.596899225
537 1276710.2167182663
538 1926394.6280991735
539 1650604.7999999998
540 1503419.6392785572
541 1701309.8425196852
542 1206182.4362606232
543 1629501.6064257028
544 1724212.6050420168
545 1640093.2270916335
546 1668122.9299363059
547 1581016.0751565762
548 1761776.1316872428
549 1572388.617886179
550 1630216.5289256198
551 1834721.645021645
552 1525618.8824662813
553 1751607.114624506
554 1540316.5120593691
555 1574169.2898272553
556 1628821.272365805
557 1525769.653767821
558 1744970.2429149798
559 1690278.2520325202
560 1535153.4653465347
561 1676853.911205074
562 1385656.6666666667
563 1552719.2748091603
564 1657140.2321083173
565 1729452.7777777778
566 1606619.281663516
567 1469100.785854617
568 1678259.8326359831
569 1663027.9922779922
570 1449420.792079208
571 1435331.3575525812
572 1767873.4309623432
573 1650006.072874494
574 1715002.7559055118
575 1546664.93955095
576 1653674.3689320388
577 1537308.4033613447
578 1497803.4343434344
579 1665068.4007707129
580 1178297.1034482757
581 1557548.0885311873
582 1663189.024390244
583 1518968.2281059064
584 1749133.0000000002
585 1706558.517034068
586 1753934.6391752576
587 1809161.6702355458
588 1378855.9934318555
589 1574772.1153846155
590 1646965.7620041755
591 1943086.0619469027
592 1354673.448275862
593 1588764.3006263047
594 1788259.5238095238
595 1852243.29004329
596 1691400.622406639
597 1326.5588914549653
598 1705040.7630522088
599 928151.7482517482
600 1047962.8691983122
601 1684585.7965451055
602 1442833.9250493096
603 1597353.6144578313
604 1532134.3023255814
605 1614775.5741127348
606 1087106.460296097
607 1191878.5714285714
608 1601447.0817120622
609 1594958.382642998
610 1366653.875236295
611 1457376.377952756
612 1729984.2672413792
613 1784796.638655462
614 1185585.393258427
615 1867345.9869848157
616 115.75178997613365
617 1391478.5
618 1544165.918367347
619 1542926.8101761253
620 1729244.4444444445
621 1570317.1026156943
622 1788650.8368200837
623 1663251.4403292183
624 1618114.2268041237
625 1529846.3073852295
626 1488819.6356275305
627 1550685.5371900827
628 1673909.297520661
629 1521397.4409448819
630 1555996.4583333333
631 1796064.4897959183
632 1460709.090909091
633 1700009.4845360825
634 1577671.3472485768
635 1777252.6970954358
636 1650512.0162932791
637 1594293.5039370079
638 933181.6554809844
639 1382923.992994746
640 1570673.2313575526
641 1794616.5948275863
642 1456176.8817204302
643 1650067.6767676766
644 1611067.6954732512
645 1469162.7413127413
646 1617455.4455445544
647 1728723.0620155039
648 2727.254098360656
649 1606820.325203252
650 1698084.2007434946
651 1676945.6032719838
652 1630421.2550607289
653 1787924.5283018867
654 1557222.9376257544
655 1218072.3188405796
656 1646096.9135802467
657 1604033.2673267326
658 1003965.3532608696
659 1707739.6624472574
660 1610433.5329341316
661 957175.9509202455
662 1766010.4033970279
663 1620806.8702290077
664 1524964.7422680412
665 1596606.5040650407
666 1812577.1008403362
667 1660404.6296296297
668 1481167.441860465
669 1705918.275154004
670 1507262.3983739838
671 1455119.739292365
672 1334998.747763864
673 1660778.775510204
674 1054481.103448276
675 1696800.209205021
676 1681762.393162393
677 1217096.1971830986
678 1533885.2697095436
679 1515961.9883040935
680 1520674.8603351954
681 1627150.100200401
682 1576569.7033898304
683 1739200.81300813
684 1739494.3434343433
685 1489873.6030828517
686 1621292.6229508198
687 1617144.7937131631
688 1433652.7777777778
689 1570641.0447761195
690 1807581.5109343939
691 1606183.935742972
692 1660286.878727634
693 1727822.8144989337
694 1587099.387755102
695 1651929.0384615385
696 1428602.6845637583
697 1469956.5476190478
698 1434589.7435897435
699 1438148.223350254
700 1733531.557377049
701 1563808.0
702 1689789.4067796608
703 1617869.7813121274
704 1817319.9161425575
705 1682074.2393509129
706 1547546.923076923
707 1489964.2857142857
708 1541023.613963039
709 1377958.7686567164
710 1749383.7398373983
711 1603207.7358490566
712 1672281.1359026367
713 1731434.9896480334
714 1351535.7605177993
715 1715898.9669421487
716 1532511.943319838
717 1516074.3879472692
718 1708129.8353909464
719 1775867.4650698602
720 1516517.0781893004
721 1567858.5215605749
722 1576553.3333333333
723 1456095.5390334574
724 850.3370786516854
725 1684826.0245901637
726 1522349.9061913695
727 1497608.2661290322
728 1176213.1268436578
729 1470823.5772357725
730 1669253.2631578946
731 1606681.6367265468
732 1577007.4803149607
733 1423150.8992805756
734 1692581.970649895
735 1532635.3754940713
736 1477868.7747035574
737 1695621.5982721383
738 1672453.8784067084
739 1640933.6170212766
740 1659502.3121387283
741 1755156.4755838641
742 1828254.0372670807
743 1572031.392931393
744 1612417.4348697395
745 76.3855421686747
746 1846696.1783439491
747 1738181.5195071867
748 1541230.7262569834
749 1477112.9921259843
750 1651149.4824016565
751 1610222.6012793176
752 1462680.0399201596
753 1601986.8475991648
754 1737383.1622176592
755 1522980.7392996107
756 1490811.6803278688
757 1647206.6252587992
758 1778509.0146750524
759 1763755.3535353534
760 1654284.7457627119
761 1619913.9344262297
762 1630016.0792951542
763 1074974.3954480796
764 1362219.9294532628
765 1816016.3179916318
766 1626840.8333333333
767 1407892.528735632
768 1149333.3827893175
769 1420674.1682974559
770 1500392.1818181819
771 1812909.3555093554
772 445.45454545454544
773 1761245.7556935817
774 1631044.1237113401
775 1750933.73015873
776 1485920.6827309236
777 1491053.6779324054
778 1576706.2248995984
779 1693959.7826086956
780 1143.0555555555554
781 1481269.450101833
782 1801694.4444444445
783 1554477.2030651341
784 1857558.4016393442
785 1588938.3561643835
786 1498648.2617586914
787 1678022.1294363257
788 1466302.697495183
789 1536048.686868687
790 1456879.5801526718
791 1499015.291750503
792 1445620.1941747572
793 1646889.941972921
794 2023.2718894009217
795 1606093.829787234
796 1734666.929133858
797 1691164.1393442624
798 1254324.5253164559
799 1137631.9327731093
800 1733086.811023622
801 1667304.2918454935
802 1729520.8860759493
803 1629634.13729128
804 1634323.3606557376
805 1415966.8604651163
806 1640655.809128631
807 1594278.6163522012
808 1770296.0905349795
809 1548479.831932773
810 1652761.9607843137
811 1749217.6470588234
812 1202851.9593613932
813 1732724.9471458774
814 1461661.7328519854
815 1592745.490981964
816 1483749.0458015266
817 1826376.8240343346
818 1565598.353909465
819 1619006.5979381443
820 1602991.0750507098
821 1584893.103448276
822 1529397.064989518
823 1541595.9758551307
824 1602824.4725738398
825 1554076.245210728
826 1467701.711026616
827 1524996.0743801654
828 1809830.6250000002
829 1582778.59922179
830 1762994.8559670781
831 1562120.2479338844
832 1677883.4343434344
833 1470568.4615384615
834 1685266.3201663203
835 1512084.3687374748
836 1734198.5743380855
837 1677208.2329317268
838 1825698.9604989605
839 1754176.6233766233
840 1846201.5086206894
841 1405621.7803030303
842 1823427.4793388431
843 1586410.7287449392
844 1578688.1147540985
845 1616382.1643286573
846 1637378.9046653144
847 1594239.453125
848 1754690.6639004147
849 1529588.9812889812
850 1660394.105263158
851 1356277.7978339351
852 1642442.9141716566
853 1510634.2213114754
854 1545660.569105691
855 1484085.4330708662
856 1392906.8052930057
857 1589280.506822612
858 1462713.1736526946
859 1839436.129032258
860 1713104.6370967743
861 1582945.4545454546
862 1037398.9795918367
863 1431906.614785992
864 1404373.5459662287
865 1593801.25
866 1587003.903345725
867 1413400.5504587155
868 773.4117647058824
869 1770646.7065868264
870 1358789.2674616694
871 1520723.505154639
872 1782562.577962578
873 1531380.1541425819
874 1621846.2282398453
875 1725165.8371040726
876 1754237.5
877 1602181.188118812
878 1661759.7222222222
879 1535749.7916666667
880 1017244.6778711485
881 1526066.7953667953
882 1508585.9793814432
883 1554926.907630522
884 1558970.1492537314
885 1553603.427419355
886 1706970.0413223142
887 1461941.235059761
888 1245569.823434992
889 1638226.614481409
890 1589415.4135338345
891 1754555.9574468087
892 1637528.5714285714
893 1453405.4409005628
894 1583182.0833333333
895 1767024.7967479674
896 1438722.8515625
897 1729521.9959266805
898 1561430.0990099008
899 1607162.8282828282
900 1570041.0646387832
901 1589201.5533980583
902 1544030.037313433
903 1800630.8641975308
904 1480059.8513011152
905 1542239.2504930967
906 1490917.3310225303
907 1511438.2857142857
908 1698269.811320755
909 1590429.740518962
910 1800155.3846153845
911 628452.6848249027
912 1678709.306930693
913 1656615.0205761318
914 1823415.734989648
915 1827920.2272727275
916 1664476.9874476988
917 1364300.1564945227
918 1614113.51888668
919 1639374.0041928722
920 1282058.8235294118
921 1316972.7131782945
922 1591738.5356454721
923 1638662.3456790124
924 1675291.7012448132
925 1641202.691511387
926 1663583.3333333333
927 1683041.3646055437
928 1567167.0061099797
929 1566020.0417536534
930 1788843.8413361167
931 1665421.9123505976
932 699111.639762107
933 1765566.3157894737
934 1491926.5469061877
935 1552010.9053497943
936 1640754.6558704453
937 1697873.630831643
938 1512504.3209876544
939 1736413.06122449
940 1391245.2290076334
941 1552896.993987976
942 1360845.395799677
943 1534853.5714285714
944 1461341.6498993963
945 1521060.0418410043
946 1545176.6871165645
947 1448882.319391635
948 824176.5501691094
949 1573642.857142857
950 1720820.9016393442
951 1590098.275862069
952 1821242.4116424117
953 1658705.1172707889
954 1748773.829787234
955 1628490.5154639175
956 1418602.3166023167
957 1637519.9623352166
958 1554547.358490566
959 1597264.552238806
960 1780674.0816326533
961 1493095.3125
962 1659114.968814969
963 1503393.8223938225
964 1620834.9473684211
965 1542224.847250509
966 1066087.620357634
967 1616043.0041152264
968 1811086.5580448066
969 1058599.872935197
970 1506338.2524271845
971 1649514.9606299212
972 1156521.1062590976
973 1399808.1180811808
974 1622505.031446541
975 1653091.8811881188
976 1636498.4000000001
977 1725589.6969696968
978 1723120.7243460766
979 1560195.55984556
980 1347662.1527777778
981 1844281.6455696204
982 1598764.1509433964
983 1508592.5049309665
984 2795.2277657266814
985 1753503.5940803383
986 1603127.7445109782
987 810.1895734597157
988 1789911.489361702
989 1582517.017208413
990 1600797.005988024
991 1574348.2439926064
992 1646273.7735849055
993 1537461.759082218
994 1725922.8105906313
995 1753457.5098814229
996 1686102.5531914893
997 1828905.6034482757
998 1623718.9243027887
999 1731406.1224489796
1000 1665450.3952569168
1001 1453077.819548872
1002 1499099.5959595959
1003 1408131.4285714286
1004 1684613.7524557959
1005 1532975.8687258686
1006 1688576.1165048545
1007 1731800.8179959098
1008 1285924.1610738253
1009 1375930.996309963
1010 1802763.38028169
1011 1680846.6666666667
1012 1733554.9473684211
1013 1624930.5676855894
1014 1585589.702970297
1015 1626540.576923077
1016 1432842.8015564203
1017 1641387.4239350914
1018 1741947.6890756302
1019 1491258.3333333335
1020 1791546.9162995596
1021 1553897.5308641975
1022 1840123.7995824635
1023 1469858.883248731
1024 1385116.0472972973
1025 1478132.8542094456
1026 1741223.8396624473
1027 1754513.4020618557
1028 1605180.6
1029 1693993.5922330096
1030 1425400.5639097744
1031 1777707.7393075356
1032 1605502.0833333335
1033 1697181.32780083
1034 1584275.8
1035 1556494.1176470588
1036 1470245.5576559547
1037 1614791.1764705882
1038 1731032.2245322245
1039 1507396.265560166
1040 1739725.786163522
1041 1474790.4471544717
1042 1423114.3356643356
1043 1373924.6205733558
1044 1431656.5637065638
1045 1272457.6298701297
1046 1545429.724409449
1047 1489667.4952198854
1048 1805973.5294117646
1049 1672219.267822736
1050 1782133.8842975204
1051 1759236.2105263157
1052 1720311.4285714284
1053 1679596.0
1054 1494051.2915129152
1055 1606082.142857143
1056 1855913.247863248
1057 1673413.469387755
1058 1574934.3157894737
1059 1655938.6036960986
1060 1581450.0967117988
1061 1602811.2621359224
1062 1568262.579281184
1063 1802130.4609218438
1064 1623763.9130434783
1065 1418870.4331450094
1066 1727201.5384615385
1067 1601260.8695652173
1068 1593335.6076759063
1069 1542499.1614255765
1070 1797904.1493775933
1071 1771425.4620123203
1072 1699857.9710144927
1073 1706096.0743801654
1074 1572624.4897959183
1075 1355717.19038817
1076 1215792.5249169436
1077 1494133.8491295937
1078 1455676.4822134387
1079 1573494.1787941789
1080 1610208.1081081082
1081 1521611.7647058824
1082 1635133.5238095238
1083 1713500.7532956686
1084 1070101.0899182563
1085 1569426.4187866927
1086 1598551.0330578513
1087 1140127.972027972
1088 1616650.2109704642
1089 1925564.5922746782
1090 1525969.5817490495
1091 1827975.2118644067
1092 1651370.9349593497
1093 1539973.6082474226
1094 1472533.8551859101
1095 1554083.2677165354
1096 1788884.8812095032
1097 1527785.1851851852
1098 1765446.1377870564
1099 854928.5234899329
1100 1217382.3365785815
1101 1556477.7777777778
1102 1718069.3386773546
1103 1467728.1690140846
1104 1636189.5833333335
1105 1477569.3675889329
1106 1764891.9917864478
1107 1684730.063965885
1108 1714222.7368421052
1109 1750240.1606425701
1110 1803493.9759036144
1111 1581600.4081632653
1112 1665828.364389234
1113 1592915.301724138
1114 1374490.909090909
1115 1467867.3267326732
1116 1836486.6525423727
1117 1617505.4108216432
1118 1680406.4049586777
1119 1346575.0836120402
1120 1793044.6938775508
1121 1544334.7992351817
1122 1542070.7269155206
1123 1565955.3319919517
1124 1526501.923076923
1125 1646543.5039370076
1126 1553629.3307086616
1127 1539048.418972332
1128 1182962.4466571836
1129 1776522.7926078027
1130 1709208.125
1131 1678825.941422594
1132 1586659.6899224806
1133 1531111.0266159696
1134 1003155.5
1135 1612315.0300601202
1136 1726836.4806866953
1137 1129129.8221614226
1138 1493653.5856573705
1139 1812712.4740124738
1140 1788818.5897435897
1141 1616741.4736842106
1142 1565015.0627615063
1143 1588890.1639344261
1144 1463521.3051823417
1145 1469729.282868526
1146 1606580.876494024
1147 1457610.371819961
1148 1106.6339066339067
1149 1735952.7196652717
1150 1444299.4082840236
1151 1334944.5783132531
1152 480758.53985264566
1153 1617246.0122699388
1154 1720934.0956340956
1155 1703859.634888438
1156 1754943.43220339
1157 1574095.6158663882
1158 1501609.8513011152
1159 1599653.7001897534
1160 1503091.8864097362
1161 944065.807174888
1162 1639442.6497277676
1163 1714922.8991596638
1164 1365620.0323101778
1165 1444119.6226415096
1166 1643407.8277886496
1167 1752805.9574468087
1168 1575193.1506849313
1169 1604799.2217898832
1170 98.33333333333333
1171 1565078.781512605
1172 1531578.8679245282
1173 1463653.90625
1174 1462761.1584327088
1175 1409448.2692307692
1176 1605357.6998050683
1177 1620105.7425742573
1178 1749808.8888888888
1179 1511078.367346939
1180 1864577.7777777778
1181 1838770.0836820083
1182 1584724.453280318
1183 1606784.761904762
1184 1786022.1765913756
1185 1565092.2641509434
1186 1637820.1596806387
1187 1825.0453720508165
1188 1697491.0204081633
1189 1685296.6804979253
1190 1512648.1203007519
1191 1557910.5788423154
1192 1460671.285140562
1193 1453438.4466019417
1194 1640728.9108910894
1195 1689016.7019027486
1196 1812643.4511434513
1197 1734237.9098360655
1198 1432269.8752228164
1199 1659655.3752535495
1200 1175129.268292683
1201 1565881.9277108435
1202 1592805.720338983
1203 1504731.607142857
1204 1499413.5029354207
1205 1665980.6
1206 1512406.5040650407
1207 1710403.1746031744
1208 1695069.0871369294
1209 1718916.6666666667
1210 1184195.429362881
1211 1701493.429158111
1212 1557987.0707070709
1213 1652710.3519668737
1214 1594675.0
1215 1839871.278825996
1216 1786271.6981132075
1217 1574316.533864542
1218 1814284.2105263157
1219 1588786.7368421054
1220 1464621.272365805
1221 1701635.4347826086
1222 1728141.782178218
1223 1336861.8784530386
1224 1791589.6341463416
1225 1367358.5483870967
1226 1586812.266112266
1227 1621261.4173228347
1228 1887674.8888888888
1229 1687588.429752066
1230 1615650.103950104
1231 1572746.3937621834
1232 1664205.394990366
1233 1483658.3815028903
1234 1593739.8821218074
1235 1732324.949698189
1236 1426264.8409893992
1237 1681721.8295218295
1238 1609373.3197556008
1239 1888452.4731182796
1240 1423280.5914972273
1241 1608748.7603305785
1242 713.5746606334842
1243 1552994.4444444445
1244 1502511.9918699188
1245 1660946.331236897
1246 1707552.1042084168
1247 1787139.2116182572
1248 1603735.9437751004
1249 1410254.8507462686
1250 1541827.479338843
1251 1619745.23326572
1252 1856985.655737705
1253 1654778.2608695652
1254 1584971.4867617108
1255 1507446.506986028
1256 1617661.0902255639
1257 1691147.250509165
1258 1684021.181262729
1259 1596348.2546201232
1260 1529204.4088176354
1261 1582694.2164179105
1262 1254932.5657894737
1263 1650359.4298245613
1264 1249897.8510028655
1265 1599965.7992565054
1266 1787641.463414634
1267 1651590.5511811022
1268 1594498.7603305785
1269 1315855.2117263845
1270 1825018.6813186815
1271 1497841.8518518517
1272 1630046.93877551
1273 1846427.7310924367
1274 1435608.0524344568
1275 1641782.786885246
1276 1660208.1237911026
1277 1817070.8163265307
1278 1502855.6701030927
1279 1345638.5642737895
1280 1976075.8333333335
1281 1542420.8421052631
1282 1539965.5577299413
1283 1824658.5774058579
1284 1622291.6666666665
1285 1596885.341365462
1286 1588485.407725322
1287 1736015.0602409637
1288 1623072.0703125
1289 1673185.3658536584
1290 1746335.9408033825
1291 1257204.4925124792
1292 1723831.2114989734
1293 1820200.432900433
1294 1669158.7606837605
1295 1086872.608695652
1296 1629020.2020202018
1297 1617424.3243243243
1298 1783128.0082987552
1299 1607853.4516765287
1300 1819320.0421940929
1301 1243252.522255193
1302 1489327.236580517
1303 1542094.8347107437
1304 1590843.0830039526
1305 1587361.943319838
1306 1002160.1485148515
1307 1672197.565922921
1308 1639962.4190064794
1309 1520928.2982791588
1310 1918349.3506493506
1311 1524124.4897959183
1312 1587204.8543689318
1313 1623452.6315789474
1314 1253063.3943427622
1315 1671492.2465208748
1316 1115543.7673130194
1317 1849363.2696390657
1318 1628308.7221095334
1319 1515212.6
1320 1612672.4550898203
1321 1623021.3991769548
1322 1622465.8798283262
1323 1636797.7505112474
1324 3.902439024390244
1325 1666404.2596348885
1326 1450790.909090909
1327 1682933.5907335905
1328 1670175.4601226992
1329 1712624.7933884296
1330 1694413.8655462186
1331 1776609.2243186585
1332 1704271.5430861725
1333 1797968.3760683762
1334 1464155.8882235528
1335 1599163.601532567
1336 1527547.731755424
1337 1493428.8201160543
1338 1338196.9125214408
1339 1540456.2761506278
1340 1749409.8712446354
1341 1588611.967545639
1342 1490089.7959183673
1343 1579711.9658119658
1344 1632559.569892473
1345 1652010.7942973522
1346 1583673.2931726908
1347 1563661.8
1348 1630234.3570057582
1349 1417054.5977011493
1350 1505342.7145708583
1351 1434629.6296296297
1352 1696646.2809917356
1353 1614483.8842975206
1354 1690750.4081632656
1355 1615443.1211498973
1356 1774775.1605995717
1357 1654828.9883268485
1358 1625474.5098039214
1359 1456155.220883534
1360 1736025.7668711657
1361 1619656.5677966103
1362 1565522.6744186045
1363 1856224.9452954049
1364 1697954.054054054
1365 1684884.4621513945
1366 2417.3809523809523
1367 1683497.8260869563
1368 1517951.6326530613
1369 1495685.2713178294
1370 1507229.704797048
1371 1726528.2520325202
1372 1601911.3320079523
1373 1542536.032388664
1374 1574349.4318181819
1375 1589331.884057971
1376 1518988.295687885
1377 1487484.077669903
1378 1789512.1649484537
1379 1680411.969111969
1380 1567945.1485148515
1381 1799717.5732217573
1382 1786721.0065645515
1383 1500155.1587301586
1384 1618630.1255230126
1385 1596935.5371900827
1386 1702716.2162162163
1387 1603942.1052631577
1388 1721150.959488273
1389 1571467.920792079
1390 1537103.1578947369
1391 1584698.0158730159
1392 1534748.2897384304
1393 1630852.2357723578
1394 1592845.5795677798
1395 1570934.6534653464
1396 1418391.6349809887
1397 1418329.1902071564
1398 1475.061728395062
1399 1695635.0202429148
1400 1649347.0103092783
1401 1610105.4325955734
1402 1754574.2424242424
1403 1390421.5500945179
1404 1658820.9163346614
1405 1435337.8486055776
1406 1508451.6326530613
1407 1661057.5342465753
1408 1651287.6016260162
1409 1642871.4867617108
1410 1727859.3360995853
1411 1696582.7586206894
1412 1662247.8991596638
1413 1679997.384305835
1414 1615783.6170212766
1415 1453059.5563139932
1416 1501664.562118126
1417 1653631.7796610168
1418 1568901.0040160643
1419 1592033.7890625
1420 1788467.4796747968
1421 1530049.3852459015
1422 1637235.341365462
1423 1608301.593625498
1424 1686805.128205128
1425 1511123.819301848
1426 1747641.8181818184
1427 1510885.0574712644
1428 1436964.397905759
1429 1619074.3137254901
1430 1446113.226452906
1431 1737476.6871165645
1432 1734250.1079913606
1433 1719812.936344969
1434 1843709.7959183673
1435 1412129.3785310735
1436 1738181.9672131147
1437 1505296.9696969697
1438 1501038.8193202147
1439 1695499.4059405942
1440 1792448.7012987013
1441 1652927.0325203252
1442 1553199.8123827393
1443 1713458.5774058579
1444 1701462.8282828282
1445 1498430.5206463195
1446 1527496.7450271249
1447 1969.9152542372883
1448 1523915.5378486055
1449 1573454.2857142857
1450 1539477.6209677418
1451 1477396.963562753
1452 1525430.7407407407
1453 1741046.0215053766
1454 1764570.0
1455 1747387.445887446
1456 1594256.5891472867
1457 1689615.4334038056
1458 1745282.7935222671
1459 1509366.2264150945
1460 1736374.647887324
1461 1333998.124098124
1462 1715602.6530612246
1463 1482913.5283363804
1464 1451311.2754158964
1465 1951050.8658008657
1466 1828670.2127659572
1467 1565762.3529411764
1468 1682931.8271119841
1469 1569482.364729459
1470 1477576.796714579
1471 1403307.7220077221
1472 1631408.9935760172
1473 1784889.9572649575
1474 1455855.6435643565
1475 1608837.5245579567
1476 1660333.8362068965
1477 1219172.142857143
1478 1562554.0275049116
1479 1557635.6435643563
1480 1532259.9190283401
1481 1765602.3060796645
1482 1803723.8493723848
1483 1572663.4888438133
1484 1621631.0492505354
1485 1742084.7250509167
1486 1530101.6363636362
1487 1555169.55602537
1488 1643631.7269076307
1489 1714050.8510638298
1490 1588737.7142857143
1491 1692823.8493723848
1492 1607431.875
1493 1693923.1092436975
1494 1509239.0196078431
1495 1673646.2998102466
1496 1554568.9453125
1497 1804716.46090535
1498 1674456.0165975105
1499 1417253.0377668308
1500 1663709.8484848484
1501 1198530.3625377642
1502 1779095.2965235175
1503 1696524.1308793453
1504 1682436.1344537814
1505 1602511.1788617885
1506 1702755.3106212425
1507 2419.693654266958
1508 944015.5421686746
1509 1460879.5262267343
1510 1702634.3373493976
1511 1657258.4551148226
1512 1708784.8812095032
1513 1676455.578512397
1514 1451457.2
1515 1737745.2674897118
1516 1438723.2283464568
1517 1747811.7525773195
1518 1735774.7346072188
1519 1478775.502008032
1520 1653615.7786885248
1521 1722305.03875969
1522 1479161.9140625
1523 1583865.3444676409
1524 1496483.925233645
1525 1700714.712153518
1526 1642704.051172708
1527 1694043.2000000002
1528 1726066.5354330707
1529 1460086.9888475835
1530 1549938.796680498
1531 1814369.2139737993
1532 1817960.2649006622
1533 1561102.9761904762
1534 1060417.4037089872
1535 1826079.7849462363
1536 1534384.156378601
1537 1383925.4174397031
1538 1499038.7404580154
1539 1582838.085106383
1540 1652588.8412017168
1541 1803291.7225950784
1542 1797618.1818181819
1543 1645440.8123791101
1544 1706079.7872340428
1545 1845711.111111111
1546 1651237.322515213
1547 1757911.9587628865
1548 1449702.3529411764
1549 1663842.716535433
1550 1704570.6237424547
1551 1480743.0939226518
1552 1575600.0
1553 1476184.6613545816
1554 1503683.0409356726
1555 1552748.9583333335
1556 1490271.09375
1557 1711300.4048582995
1558 1623700.2040816327
1559 1849619.1397849463
1560 1486197.8174603174
1561 1572363.8830897703
1562 1346094.700854701
1563 1636727.6729559747
1564 1658651.287128713
1565 1325173.6497545007
1566 1719419.7872340425
1567 1690234.5114345113
1568 1540672.972972973
1569 989026.9387755103
1570 1593116.024340771
1571 1655611.2426035502
1572 1695963.8075313808
1573 1646602.687140115
1574 1614022.6487523993
1575 1265230.4606240713
1576 1736598.7421383648
1577 1875950.0
1578 1682850.796812749
1579 1675875.648702595
1580 1576727.111984283
1581 1443668.3809523808
1582 1714615.0000000002
1583 1410356.2068965517
1584 1797341.1637931035
1585 1702295.4451345755
1586 1783237.796976242
1587 1593610.6694560668
1588 1742273.5294117646
1589 983538.9542483661
1590 1704284.5679012346
1591 1764319.7478991596
1592 1456557.48502994
1593 1804928.354978355
1594 1534473.725490196
1595 1616272.6
1596 1720950.9278350517
1597 1593228.5714285714
1598 1514501.976284585
1599 1388824.7689463955
1600 1554011.27348643
1601 1662429.8804780876
1602 1735136.4372469634
1603 1593280.8016877638
1604 1593968.5393258426
1605 1714627.833001988
1606 1541861.143984221
1607 1578534.3137254901
1608 1630008.113207547
1609 1789474.4680851065
1610 1588256.8788501027
1611 1648700.1937984496
1612 1559142.6853707414
1613 1706317.9324894515
1614 1618204.5627376426
1615 1625338.429752066
1616 1573821.7021276597
1617 1688125.6513026052
1618 824818.3930300096
1619 1691122.8865979381
1620 1608380.8383233533
1621 1821136.739130435
1622 1017831.4117647058
1623 1717795.491803279
1624 1856777.9193205945
1625 1744389.2116182572
1626 1737808.2474226805
1627 1514245.8248472505
1628 1688918.0084745763
1629 1561079.5131845842
1630 1733410.2459016393
1631 1616081.1650485436
1632 1731901.859504132
1633 1614959.238095238
1634 1570584.0248962655
1635 1607806.5539112051
1636 1444350.7380073802
1637 1506179.381443299
1638 1826593.5760171306
1639 1646707.2243346006
1640 1543955.737704918
1641 1556623.4927234927
1642 1732069.294605809
1643 1575108.1027667983
1644 1573498.140495868
1645 1480432.2200392927
1646 1460582.9659318638
1647 1507249.3256262043
1648 1480760.038240918
1649 1588739.9563318777
1650 1587141.1417322836
1651 1510938.2978723405
1652 1645124.1379310344
1653 1801493.253968254
1654 1787067.0859538782
1655 1711054.7999999998
1656 1568613.51888668
1657 1593778.1065088757
1658 1305448.5483870967
1659 1426345.054945055
1660 1755725.1020408163
1661 1650184.501061571
1662 1752656.9296375266
1663 1333856.2283737024
