0 90143.9105772439
1 311188.0859375
2 527690.8747640025
3 723170.6557377048
4 460431.57579388854
5 440.1660280970626
6 459929.933481153
7 472603.8612199217
8 593197.1739130435
9 619768.4128225176
10 580844.7949526814
11 552987.1681415929
12 613159.0074779062
13 656661.7254901961
14 704862.3058053966
15 766337.2029250456
16 467879.6954314721
17 573361.3713509844
18 573074.4152046784
19 681185.0877192983
20 660007.3047858942
21 493954.75391498883
22 444612.205801861
23 720364.976076555
24 710093.6041486603
25 665520.4995693368
26 684749.9589153656
27 604819.0877192982
28 579578.7794729542
29 668243.3274021352
30 572897.2953216374
31 765600.7611798287
32 688039.3965517242
33 693515.9928122192
34 496588.37689133425
35 565360.9240924093
36 719845.7094307562
37 755659.230096238
38 746630.3242769501
39 824620.8097928436
40 677191.9085312225
41 722689.6243291593
42 716871.9775070291
43 682565.1368049426
44 524155.39182853315
45 584738.8273615636
46 805819.751908397
47 726727.6281494353
48 525717.7266576454
49 745304.5574057844
50 638150.0394011032
51 660490.6607929515
52 532325.5366395263
53 451950.2469135802
54 676736.2132352941
55 778165.1082251082
56 666018.5908319185
57 574939.3602225312
58 826691.7703349282
59 689795.9785522788
60 381867.10526315786
61 183.0128205128205
62 707663.7694419031
63 668487.8177037686
64 684801.4795474325
65 604195.7953749123
66 602468.0575539568
67 -43.916913946587535
68 709222.6179875334
69 558049.7072218608
70 739564.3350604491
71 723360.5786618445
72 746075.5420641804
73 690420.3068592058
74 752529.2177191329
75 779552.0
76 536113.545816733
77 588777.676056338
78 602538.632986627
79 402449.76550286607
80 746157.0776255708
81 519735.6147789219
82 405742.76243093924
83 685871.3692946058
84 436691.4859862507
85 550049.1643454039
86 1925592.9978118162
87 1881564.2706131078
88 1708442.0454545456
89 1475700.0
90 490018.6915887851
91 1902033.4075723828
92 1433023.560209424
93 1619367.0378619153
94 1969815.6862745099
95 1724250.4464285714
96 1351727.255985267
97 1599957.2368421054
98 1832012.168141593
99 1833428.5714285714
100 909453.2934131738
101 437277.28643216076
102 1176083.5195530725
103 2256664.473684211
104 2497059.411764706
105 2563727.927927928
106 2431327.7945619333
107 2563108.1325301207
108 2430249.554896143
109 2554855.988023952
110 2336493.3534743204
111 2412149.2401215807
112 17.34921816827997
113 2485192.4242424243
114 2463852.395209581
115 2299376.023391813
116 2324615.105740181
117 2324194.3283582088
118 2215722.619047619
119 2628070.516717325
120 2237509.6096096095
121 2341115.7894736845
122 837368.4536082473
123 2183605.421686747
124 2623400.3067484666
125 2243717.3134328355
126 2221745.994065282
127 2317404.5180722894
128 2423912.612612613
129 2290879.878048781
130 2202680.2985074627
131 2433528.443113772
132 2266268.5628742515
133 593571.9208211143
134 2188799.7050147494
135 2544975.149700599
136 1938894.9074074072
137 2453899.117647059
138 2602973.5119047617
139 2420387.4269005847
140 2406369.298245614
141 2524463.4218289084
142 2242663.2352941176
143 2553850.1474926258
144 414897.7840909091
145 2412100.581395349
146 2259232.3170731706
147 2417656.342182891
148 2187408.5294117643
149 2255487.962962963
150 2497555.5223880596
151 2237130.769230769
152 2315660.895522388
153 2304759.705882353
154 2244915.0150150154
155 464378.7164015359
156 2337607.988165681
157 2614684.4311377243
158 2124007.692307692
159 2465629.253731343
160 2462967.867867868
161 2365465.7657657657
162 2203676.0479041915
163 2212392.2865013774
164 2275278.795811518
165 602005.1264044944
166 1121879.39481268
167 3833645.9595959596
168 4172502.43902439
169 4217014.572864322
170 4241261.764705882
171 3540465.68627451
172 3967906.965174129
173 4003176.7326732674
174 3678903.9603960393
175 3898383.168316832
176 2621203.558718861
177 3687341.951219512
178 3945677.6119402987
179 3547949.7560975607
180 4136074.1293532336
181 3621175.1269035535
182 3562212.1359223304
183 2645228.13559322
184 3632911.165048544
185 4158299.504950495
186 2578298.6842105263
187 4286090.594059406
188 3861737.5
189 3911725.9615384615
190 3799810.1941747577
191 3947787.9999999995
192 3603206.341463415
193 3904116.336633663
194 3974323.222748815
195 3828947.9797979794
196 3733238.4236453203
197 3902652.195121951
198 3688.311688311688
199 4362050.0
200 4096967.005076142
201 3985552.97029703
202 4128589.0547263683
203 3767914.8514851485
204 3613440.886699507
205 4268714.0
206 3654406.030150754
207 1419593.3104631219
208 2531347.129909366
209 2252719.0476190476
210 4382226.737967914
211 4658009.392265193
212 4075108.4210526315
213 4507671.186440678
214 3990083.2432432435
215 4503444.864864865
216 3952285.9813084113
217 4056934.2391304346
218 4502548.108108108
219 4060761.4130434785
220 4485294.413407821
221 4507388.5869565215
222 4217359.56284153
223 4520540.659340659
224 4353131.01604278
225 4403058.659217877
226 4530252.972972973
227 4384496.23655914
228 4349151.366120219
229 4006612.7659574472
230 3883983.957219251
231 4243535.326086957
232 716.1971830985915
233 4526055.617977528
234 2363386.440677966
235 4547363.84180791
236 3831061.3756613755
237 4605380.76923077
238 4562653.475935829
239 4252461.658031088
240 1363276.9911504425
241 3913324.324324324
242 4530440.331491713
243 4685064.705882353
244 4273862.765957447
245 4571680.107526882
246 4249162.903225807
247 4220492.021276596
248 4584973.369565218
249 4602149.456521739
250 4392678.494623655
251 4374018.71657754
252 4683515.846994535
253 4542424.725274725
254 2890.6474820143885
255 4270528.415300546
256 4486835.135135136
257 4368008.510638298
258 4522180.110497238
259 4224581.818181818
260 4187369.9999999995
261 4327440.0
262 4482378.918918919
263 4790305.464480874
264 4566362.637362638
265 3121901.785714286
266 4750789.893617021
267 4822551.612903226
268 4104899.462365591
269 4591941.847826087
270 4620393.513513514
271 4006680.64516129
272 630725.409197194
273 2811831.4079422383
274 2779996.8421052634
275 5260308.450704225
276 5531267.647058824
277 5112808.843537415
278 5620145.774647888
279 5762494.444444445
280 6438528.888888889
281 5367172.340425531
282 5717136.764705882
283 5090970.833333334
284 6136150.0
285 6107285.074626866
286 5332748.936170213
287 5840592.086330935
288 5993858.394160584
289 5185570.945945946
290 5784853.146853147
291 6000268.939393939
292 6055340.579710145
293 6142338.0281690145
294 5468227.067669174
295 5307894.520547945
296 5632781.15942029
297 5551064.705882353
298 5890243.971631206
299 5575604.444444444
300 6038708.633093525
301 5906554.861111111
302 4729091.358024691
303 5923189.705882353
304 5752489.705882353
305 5943945.255474452
306 5810572.592592592
307 6040850.724637681
308 6003471.532846715
309 5206875.0
310 6176526.0869565215
311 5228761.006289308
312 5896857.971014493
313 6145086.231884058
314 5700919.708029197
315 5259703.623188405
316 5433506.569343065
317 6343278.417266187
318 5415040.55944056
319 5451307.299270073
320 6031943.571428571
321 6077537.588652482
322 4977746.153846154
323 6104703.703703703
324 5642323.134328358
325 6115380.597014925
326 5714280.740740741
327 5852400.0
328 6415509.55882353
329 5870620.567375886
330 6198515.67164179
331 5568718.705035971
332 5557249.635036496
333 6630917.910447761
334 5982423.188405797
335 6047270.895522389
336 5383774.285714285
337 5210845.390070922
338 5677920.833333334
339 5830946.09929078
340 5330095.774647888
341 6009064.705882353
342 3541175.8474576273
343 5633578.102189781
344 5545779.577464788
345 5776736.879432624
346 6005404.255319149
347 6056470.62937063
348 5647421.232876712
349 5565958.450704225
350 6254423.076923077
351 5877826.712328767
352 6326326.618705036
353 6522878.518518519
354 5855261.481481481
355 5811720.289855073
356 6068558.450704225
357 4860712.765957447
358 6191485.106382979
359 5994865.0
360 6318018.705035971
361 6191384.563758389
362 5569051.428571428
363 5428338.888888889
364 4042160.975609756
365 5973733.1034482755
366 5602939.285714285
367 5950536.363636364
368 6141915.602836879
369 5748439.583333334
370 3952404.1884816755
371 6171732.142857143
372 6799883.703703704
373 7043701.418439716
374 5910052.94117647
375 5868376.666666667
376 6053221.428571428
377 6068778.873239436
378 6434789.583333334
379 6658034.265734266
380 5902555.714285715
381 6125770.714285715
382 6052990.0
383 5113133.333333334
384 6065146.043165468
385 6130118.493150685
386 5111137.869822485
387 5667798.620689656
388 5481135.460992907
389 6120437.2549019605
390 5339055.405405405
391 6121886.428571428
392 6007033.108108108
393 5750926.95035461
394 6323566.666666666
395 5931375.0
396 6337038.636363636
397 5228154.72972973
398 5728544.137931035
399 4376393.596059113
400 6139209.722222222
401 5908922.627737226
402 5566570.945945946
403 5900832.653061225
404 5813474.657534246
405 6338692.700729927
406 5925358.992805756
407 6079643.971631206
408 3448253.913043478
409 5387493.617021277
410 5630450.37593985
411 5650702.898550725
412 5526134.782608696
413 6208642.3357664235
414 5257045.637583893
415 6043585.611510791
416 5764253.284671533
417 5574569.0647482015
418 6330400.757575758
419 5770049.253731343
420 6062299.285714285
421 3473541.8699186994
422 5625277.372262774
423 5907210.071942446
424 5747088.805970149
425 6562079.4117647065
426 5825328.148148148
427 5274875.362318841
428 5806336.029411765
429 5384882.222222222
430 6059584.892086331
431 7368.478260869566
432 5398729.9270073
433 6467171.126760564
434 5843636.231884058
435 4194.957983193277
436 5576910.37037037
437 5431091.791044776
438 5621103.623188405
439 5789730.28169014
440 5708773.722627738
441 5733957.857142857
442 6067573.9130434785
443 6215251.111111111
444 6013301.481481481
445 5982959.154929577
446 5422591.176470588
447 5631576.811594203
448 6347897.014925373
449 5390702.857142857
450 5796400.0
451 6219245.255474452
452 6295140.145985401
453 5977606.569343065
454 3305836.9369369373
455 5596758.064516129
456 5619810.218978102
457 6182494.890510948
458 1269.0721649484535
459 5269339.436619719
460 5922756.390977443
461 5902688.148148148
462 6437252.592592592
463 5328082.01438849
464 5489716.428571429
465 5956021.428571428
466 6102650.769230769
467 6265494.074074075
468 5990661.594202898
469 6440554.411764706
470 5754236.764705882
471 5486824.683544304
472 6036815.328467153
473 6208915.328467153
474 6223148.550724638
475 6003344.444444445
476 5179686.301369864
477 5491110.48951049
478 6075556.521739131
479 6128669.0647482015
480 6037683.582089553
481 5471482.608695652
482 6241954.347826087
483 5856804.347826087
484 3435704.9792531123
485 6198678.417266187
486 5969231.884057971
487 6070646.715328467
488 5325621.014492754
489 6135040.875912409
490 5577521.323529412
491 6195252.898550725
492 5402355.474452555
493 6025188.888888889
494 5592702.189781022
495 5817882.269503546
496 5578091.97080292
497 5626725.899280576
498 5328683.941605839
499 5708921.739130435
500 6489469.343065693
501 5324052.554744526
502 4494525.68306011
503 6016331.205673759
504 5891928.467153285
505 3456328.151260504
506 5690103.496503497
507 5514441.044776119
508 6394253.731343283
509 5092644.680851065
510 5356854.225352112
511 4179242.5120772948
512 4851872.483221477
513 5763716.058394161
514 5501839.04109589
515 6195970.676691729
516 5734367.62589928
517 5941051.879699248
518 5844691.851851852
519 6363186.666666667
520 5226187.012987013
521 5858626.76056338
522 6266321.641791045
523 3527.956989247312
524 5827343.8848920865
525 5251107.746478873
526 6076597.014925373
527 5674946.376811595
528 6411923.2558139535
529 9273.684210526317
530 5670259.285714286
531 6039127.536231884
532 5678270.0
533 5940701.449275362
534 5682948.571428572
535 5575082.608695652
536 5945892.19858156
537 5495952.142857144
538 6451190.44117647
539 5798283.098591549
540 5551979.850746268
541 6329146.323529412
542 6106745.652173913
543 5902553.284671533
544 6046736.296296297
545 6209038.345864662
546 5665809.352517986
547 5354763.120567376
548 6508724.242424242
549 5656110.218978102
550 5865555.555555555
551 5923644.755244755
552 5928177.611940299
553 6539130.147058824
554 6210726.315789474
555 5951035.507246377
556 5983037.226277372
557 5439907.971014493
558 6135887.857142857
559 6194204.444444444
560 5438145.774647888
561 5905311.111111111
562 5175310.48951049
563 5845440.579710145
564 6059557.042253521
565 5942378.102189781
566 6079727.586206896
567 5546046.853146853
568 5682909.219858156
569 6185788.405797102
570 5329640.579710145
571 5364631.428571429
572 6208160.740740741
573 5823461.029411765
574 6153283.823529412
575 6070078.571428572
576 5970301.408450704
577 5226719.14893617
578 5326552.517985611
579 5982013.888888889
580 6301965.44117647
581 5660796.3503649635
582 5886769.7841726625
583 5588241.791044776
584 6382767.883211679
585 6128719.708029197
586 6384222.556390977
587 6216005.925925925
588 6319546.268656717
589 6028795.52238806
590 5519779.720279721
591 6482799.264705882
592 5700778.985507246
593 5564241.176470588
594 6046399.270072993
595 5971489.51048951
596 5839369.7841726625
597 6087.0
598 6503562.878787879
599 5735807.857142857
600 5345892.142857143
601 6341668.84057971
602 5224476.978417266
603 5854231.617647058
604 5869920.740740741
605 5609072.9927007295
606 5801184.172661871
607 5438661.70212766
608 5960276.0869565215
609 5738915.0
610 5173098.561151079
611 5448648.175182481
612 5572190.344827587
613 6276235.555555556
614 5354628.260869565
615 6222160.0
616 875.8241758241759
617 5708635.862068966
618 5543188.235294118
619 5923762.686567164
620 5979141.911764706
621 5746140.875912409
622 6242488.321167883
623 5831028.260869565
624 5722421.014492754
625 5646745.588235294
626 5245097.122302158
627 5274702.797202798
628 5718371.328671329
629 3573715.668202765
630 5417938.129496403
631 6329344.927536232
632 5349063.503649635
633 5578303.401360544
634 5897665.248226951
635 6231382.608695652
636 5725832.624113475
637 5235690.322580646
638 6107425.735294118
639 3965614.0703517585
640 5720354.01459854
641 5423803.571428572
642 5321076.712328767
643 5635581.884057971
644 5509365.467625899
645 5566561.481481481
646 5817544.202898551
647 6377316.296296296
648 16932.40740740741
649 5627807.299270073
650 6384373.188405797
651 5867864.492753623
652 5626365.714285714
653 3239169.140625
654 5806257.142857143
655 6101148.175182481
656 3403353.3898305083
657 3483361.802575107
658 5335138.571428572
659 5791543.571428571
660 5613477.083333334
661 5703065.467625899
662 6138043.382352942
663 6390287.313432836
664 5412906.521739131
665 5471852.447552448
666 5712881.632653061
667 3376230.038022814
668 5457072.142857143
669 3310301.1904761908
670 5414656.934306569
671 5859098.507462686
672 5445181.0218978105
673 6021278.676470588
674 5595615.328467153
675 5718184.507042253
676 1971819.8992443325
677 6337500.729927007
678 5374447.05882353
679 5731813.970588235
680 3468758.547008547
681 5953757.971014493
682 5383216.788321168
683 6077805.755395683
684 6205173.9130434785
685 5684184.444444445
686 5949763.636363636
687 5998848.529411765
688 5160259.285714286
689 6277514.925373134
690 6642693.430656934
691 5888188.148148148
692 6137222.962962963
693 5915691.111111111
694 5629527.536231884
695 6060331.205673759
696 6028329.078014184
697 2836880.0
698 5339079.285714285
699 6220364.963503649
700 6236336.029411765
701 5469583.941605839
702 5660220.567375886
703 5891882.608695652
704 6324833.576642335
705 5901934.751773049
706 5870824.817518248
707 5336128.776978417
708 5322670.212765958
709 5477508.148148148
710 5675825.82781457
711 6126707.913669065
712 6073144.852941176
713 5998882.01438849
714 6098141.176470588
715 6092672.05882353
716 4818152.564102564
717 5269105.960264901
718 5823712.765957447
719 6445122.463768116
720 5453623.134328358
721 5661982.222222222
722 5863229.197080292
723 5643314.388489209
724 4245.360824742268
725 6058651.851851852
726 5941320.289855073
727 5419475.362318841
728 5670794.366197184
729 5505774.436090225
730 5810724.817518248
731 5712321.428571428
732 5608765.034965035
733 5926461.363636364
734 5882290.44117647
735 5722484.444444445
736 5339104.964539007
737 5676152.517985611
738 5800759.854014599
739 5844800.757575758
740 6235611.594202898
741 6246045.864661654
742 6541621.804511278
743 5532644.852941176
744 5796796.376811595
745 690.3225806451613
746 6148995.070422536
747 5989080.985915493
748 6104184.55882353
749 5743620.610687023
750 5958680.740740741
751 5206978.620689656
752 5294892.086330935
753 5775091.044776119
754 6156356.204379562
755 5736819.708029197
756 5360697.794117647
757 5824947.445255474
758 6246351.094890511
759 6354971.323529412
760 5547739.285714285
761 5719989.130434782
762 5473104.511278195
763 5683572.932330826
764 5746401.492537314
765 6303035.766423358
766 5552448.92086331
767 5181192.957746479
768 3096189.2430278882
769 5312770.802919708
770 6073428.148148148
771 6610519.696969697
772 2023.4782608695652
773 6200589.051094891
774 5618913.475177305
775 6635757.142857144
776 5340695.683453237
777 5238199.3006993
778 5505153.52112676
779 5487190.780141844
780 5316.666666666666
781 5192292.857142857
782 6430344.525547445
783 5666118.181818182
784 6605616.176470589
785 5981357.352941176
786 5301566.187050359
787 6015959.701492537
788 5367482.394366197
789 5685938.345864662
790 5603565.6934306575
791 5566588.059701493
792 5002401.3513513515
793 6050130.714285715
794 9144.897959183672
795 5497019.565217392
796 6291699.285714285
797 5888102.877697842
798 5775250.364963504
799 6022154.814814814
800 6460938.970588235
801 5569097.101449275
802 5779597.163120568
803 6184121.126760564
804 5826167.153284672
805 5300887.591240876
806 5920214.925373134
807 5624144.776119404
808 6414914.925373134
809 5397993.430656935
810 6244108.02919708
811 6448669.92481203
812 5894371.621621622
813 6611043.28358209
814 5726311.9718309855
815 6000509.022556391
816 5835897.76119403
817 5927041.549295775
818 5400065.248226951
819 5855444.0298507465
820 5607789.285714285
821 5745202.962962963
822 5532202.255639098
823 5487054.285714285
824 5561635.766423358
825 6002294.890510948
826 3471089.5927601806
827 5500526.470588235
828 6253436.496350365
829 6097164.661654135
830 6192223.9130434785
831 5577105.185185185
832 5937234.532374101
833 5670251.111111111
834 6053923.134328358
835 5537181.617647058
836 5958727.972027972
837 5805862.75862069
838 6352207.352941176
839 5893183.211678832
840 6352926.119402985
841 5241721.276595744
842 6334210.869565218
843 5819647.368421053
844 5697441.911764706
845 5806048.92086331
846 5772389.208633093
847 5136479.375
848 6303146.616541353
849 5317325.362318841
850 5822094.814814815
851 5385787.857142857
852 5918733.09352518
853 5398777.372262774
854 5630949.62962963
855 4647346.6257668715
856 5362481.0218978105
857 5801487.943262411
858 5585820.454545454
859 6291497.777777778
860 6183272.794117647
861 5585117.037037036
862 5599226.388888889
863 5323363.043478261
864 5484461.029411765
865 6421556.8345323745
866 6361548.888888889
867 5455455.319148935
868 4040.0
869 6567201.492537314
870 5674437.410071943
871 5426854.814814814
872 6118174.820143885
873 5729560.869565218
874 5836134.265734266
875 5683291.044776119
876 6282930.07518797
877 5967813.333333333
878 5604177.333333333
879 5387953.284671533
880 5392913.333333333
881 5771261.764705882
882 5146384.507042253
883 5783502.23880597
884 5901390.140845071
885 5612668.613138687
886 6042913.235294118
887 5399135.555555556
888 5634914.492753623
889 6007267.62589928
890 6160997.101449275
891 3520374.4680851065
892 5893450.724637681
893 5477610.0
894 5537009.489051094
895 6375590.44117647
896 5372276.296296297
897 3580810.0840336136
898 5777027.94117647
899 5791063.043478261
900 6225852.592592592
901 5916882.481751825
902 6007931.654676259
903 6412280.882352942
904 5578990.140845071
905 5878679.850746268
906 6219928.985507246
907 5868347.05882353
908 5883126.277372262
909 5790905.882352942
910 6053672.05882353
911 5713019.14893617
912 6088379.856115108
913 5951208.148148148
914 6428237.68115942
915 5799900.0
916 5888428.676470588
917 6205318.84057971
918 5933809.489051094
919 5639233.576642335
920 5830546.527777778
921 6210136.764705882
922 6271250.0
923 5745215.942028985
924 5767731.654676259
925 5843777.94117647
926 5745072.05882353
927 5678836.690647482
928 5774613.432835821
929 5448778.832116788
930 6195906.521739131
931 6183217.777777778
932 5740163.888888889
933 6112659.124087591
934 5425481.884057971
935 5420711.594202898
936 5966566.911764706
937 5800949.6503496505
938 5020217.931034483
939 5973276.76056338
940 5316274.452554745
941 5633027.737226278
942 6064269.285714285
943 5984400.735294118
944 3234875.5555555555
945 5358431.617647058
946 5659987.969924812
947 5376096.503496503
948 5251326.428571428
949 5771129.411764706
950 6131764.233576642
951 6091502.205882353
952 6254705.0
953 5695427.737226278
954 6161997.76119403
955 5784394.117647058
956 5303558.992805756
957 5892926.573426574
958 5254681.428571429
959 3424255.982905983
960 6196453.191489362
961 5324139.160839161
962 5729042.446043165
963 5456114.184397163
964 5702897.777777778
965 5524524.817518248
966 5910735.384615385
967 5488844.755244755
968 6395608.633093525
969 5993241.428571429
970 5753480.0
971 6162196.268656717
972 5241201.342281879
973 5603622.388059701
974 5715400.735294118
975 6338958.208955224
976 5483370.469798658
977 6308974.452554745
978 6175388.489208633
979 3205701.593625498
980 5665250.735294118
981 6436631.617647058
982 5536344.525547445
983 5719368.702290076
984 12830.097087378641
985 6037144.852941176
986 5736531.428571429
987 4196.116504854369
988 5967618.309859155
989 5824643.8848920865
990 5277382.857142857
991 6010749.645390071
992 6584744.696969697
993 5643311.2676056335
994 5858830.06993007
995 6155417.361111111
996 5848279.411764706
997 6162321.897810219
998 5846295.683453237
999 3415765.2
1000 6188666.417910447
1001 5397501.398601398
1002 5387388.148148148
1003 4682473.076923077
1004 6065686.524822695
1005 5489403.472222222
1006 5919680.434782608
1007 3676662.719298246
1008 5622146.268656717
1009 5467329.411764706
1010 6406442.142857143
1011 6224027.407407408
1012 5833802.142857144
1013 5412401.459854014
1014 6086267.9389312975
1015 6179894.852941176
1016 5250259.859154929
1017 5786191.304347826
1018 5839724.8226950355
1019 5260673.758865248
1020 5504618.243243244
1021 5715869.92481203
1022 5916833.783783784
1023 1088748.1012658228
1024 6258587.786259542
1025 1306125.3623188406
1026 2834021.649484536
1027 2963345.4545454546
1028 5930854.744525548
1029 6590062.121212121
1030 5851616.153846154
1031 6378857.352941176
1032 5740044.776119404
1033 6316956.923076923
1034 6010351.515151516
1035 5914031.538461539
1036 5759333.823529412
1037 6184034.677419354
1038 5496043.333333333
1039 5419154.47761194
1040 5970428.985507246
1041 5570694.615384615
1042 6225964.122137405
1043 6118297.76119403
1044 6067589.9224806195
1045 6047983.076923077
1046 5545432.608695652
1047 5640185.074626866
1048 5927258.088235294
1049 6492593.984962406
1050 6606049.23076923
1051 3654801.7621145374
1052 6303955.639097745
1053 5894596.47887324
1054 6141204.511278195
1055 4610171.08433735
1056 6407599.259259259
1057 6277712.977099237
1058 5530745.185185186
1059 6188370.0
1060 6316936.923076923
1061 6182597.76119403
1062 5344349.275362319
1063 6965582.170542635
1064 5541234.074074075
1065 5570735.074626866
1066 7126913.385826771
1067 6350301.5625
1068 5652141.221374045
1069 5582276.153846154
1070 6696949.6124031
1071 6390368.888888889
1072 6185359.090909091
1073 5136313.75
1074 5979328.461538462
1075 5859820.8
1076 5517459.090909091
1077 6029149.21875
1078 5603487.878787879
1079 5677511.194029851
1080 5765757.462686568
1081 5881859.090909091
1082 6658322.307692308
1083 6782632.575757576
1084 6332525.806451613
1085 6069987.969924812
1086 5896010.606060606
1087 6496539.682539683
1088 3041249.1999999997
1089 6871817.557251909
1090 6252265.625
1091 6451570.895522389
1092 6223822.137404581
1093 5819777.34375
1094 5856108.59375
1095 5857807.462686568
1096 6145561.029411765
1097 6191263.636363636
1098 6618377.34375
1099 5914985.384615385
1100 6844671.875
1101 5849285.384615385
1102 6626019.379844962
1103 3536783.495145631
1104 5872620.149253732
1105 5612198.496240602
1106 6656201.5625
1107 6088812.403100776
1108 6239653.488372093
1109 6777545.736434109
1110 6574396.296296297
1111 3080038.888888889
1112 6076584.848484849
1113 5645083.969465649
1114 5691561.832061069
1115 5418616.911764706
1116 6424881.617647058
1117 3204837.3015873013
1118 6323285.9375
1119 6240823.2558139535
1120 6652169.465648854
1121 6016131.111111111
1122 5813358.518518519
1123 5845261.654135338
1124 6017465.909090909
1125 6247707.462686568
1126 6061690.909090909
1127 5977623.664122137
1128 6396350.0
1129 6610021.212121213
1130 6154321.212121212
1131 6126644.27480916
1132 6366468.217054264
1133 6176019.083969466
1134 6239748.4375
1135 5983476.119402985
1136 5881594.117647058
1137 6336221.538461538
1138 5768203.875968993
1139 6606025.954198473
1140 6608588.095238095
1141 6040937.5
1142 5668384.848484849
1143 5761276.119402985
1144 5904207.8125
1145 5556019.847328244
1146 6034415.789473684
1147 5836585.9375
1148 5339.56043956044
1149 6328583.969465649
1150 5521873.484848484
1151 5904290.151515151
1152 5544566.153846154
1153 6132120.3125
1154 5746194.557823129
1155 6797788.888888889
1156 6827184.126984127
1157 5591180.0
1158 6193277.862595419
1159 6284861.194029851
1160 5616858.333333334
1161 6374875.0
1162 6581627.48091603
1163 5887545.98540146
1164 6274452.23880597
1165 5933069.23076923
1166 6506821.09375
1167 6196634.32835821
1168 6146660.606060606
1169 6418313.846153846
1170 825.2873563218391
1171 5605945.454545454
1172 6148838.167938931
1173 5655291.729323308
1174 6617897.692307692
1175 5266585.714285715
1176 6332671.538461538
1177 6249043.076923077
1178 6686582.03125
1179 5681799.236641221
1180 6693993.076923076
1181 6791806.976744186
1182 6172675.78125
1183 6357229.007633587
1184 6233786.428571428
1185 6333753.03030303
1186 6213175.939849624
1187 11236.842105263158
1188 6361154.198473282
1189 6032411.111111111
1190 6297734.375
1191 5859993.181818182
1192 5543468.939393939
1193 5613611.363636364
1194 6460278.294573643
1195 6112240.769230769
1196 6597687.878787879
1197 6354520.454545454
1198 6356612.698412698
1199 6369462.204724409
1200 5358846.357615894
1201 6012023.664122137
1202 5740137.404580153
1203 6375253.731343283
1204 6162626.612903226
1205 6180925.925925926
1206 5364579.856115108
1207 6435429.104477611
1208 6342134.883720931
1209 6249148.837209302
1210 6491535.877862595
1211 6267659.541984732
1212 6164200.0
1213 6002005.303030303
1214 6382632.0
1215 6844429.365079366
1216 5617174.17218543
1217 5763641.176470588
1218 6292158.695652174
1219 5747476.691729324
1220 5867992.741935484
1221 5868289.552238806
1222 6808077.519379844
1223 5605777.519379845
1224 6753180.769230769
1225 6372458.015267176
1226 5908317.96875
1227 6125985.925925926
1228 6414287.121212121
1229 6125354.135338346
1230 5948283.846153846
1231 6330746.09375
1232 6626200.0
1233 5879906.106870229
1234 6121972.180451128
1235 6432387.218045113
1236 6138356.818181818
1237 5201962.580645162
1238 5949439.0977443615
1239 6721612.307692308
1240 5864160.606060606
1241 5808261.654135338
1242 3644.3298969072166
1243 6001420.149253732
1244 5214877.304964539
1245 6136431.007751938
1246 6625438.582677166
1247 6593333.58778626
1248 6150864.341085271
1249 5832600.769230769
1250 5556496.296296297
1251 6153044.186046512
1252 6704714.074074074
1253 6469416.279069767
1254 5907758.333333334
1255 5679875.757575758
1256 6381603.731343283
1257 5106520.858895705
1258 6354397.692307692
1259 5903456.818181818
1260 3251079.05982906
1261 6639143.307086614
1262 5849541.538461539
1263 5515748.529411765
1264 6678290.076335877
1265 6637031.782945736
1266 6295427.338129496
1267 6551234.645669291
1268 5821317.424242424
1269 6033964.925373134
1270 6599850.793650795
1271 6340477.34375
1272 5763149.635036496
1273 6642693.984962406
1274 5979875.590551181
1275 6113213.178294573
1276 6342497.037037037
1277 6677251.515151516
1278 5600063.636363636
1279 6302272.65625
1280 7223970.76923077
1281 5510100.7518796995
1282 5773155.882352942
1283 6798222.307692308
1284 6551820.9677419355
1285 5932170.676691729
1286 5793530.46875
1287 6593658.015267176
1288 6373435.114503817
1289 6299542.748091603
1290 6264187.786259542
1291 5979756.692913386
1292 3626912.4463519314
1293 6440037.692307692
1294 6040434.615384616
1295 5830181.395348838
1296 5959906.617647058
1297 6154763.779527559
1298 6627244.96124031
1299 6210948.091603054
1300 6642810.852713179
1301 6181444.117647058
1302 5751089.3129771
1303 5941737.795275591
1304 6168416.030534351
1305 6011246.511627907
1306 6102966.165413533
1307 6453117.1875
1308 5823364.885496183
1309 5781450.735294118
1310 6775576.515151516
1311 5693725.190839695
1312 6461698.4375
1313 6520589.393939394
1314 5720703.816793893
1315 6320167.424242424
1316 5998754.47761194
1317 6474281.954887219
1318 5838093.333333333
1319 5874393.076923077
1320 6386743.75
1321 6085634.883720931
1322 5902908.527131783
1323 5781802.898550725
1324 403.40909090909093
1325 6273583.969465649
1326 5855110.15625
1327 6779830.46875
1328 6129545.112781955
1329 6172762.686567164
1330 6106096.992481203
1331 6459606.818181818
1332 6564300.76923077
1333 6432557.692307692
1334 2967631.300813008
1335 6161413.235294118
1336 5662532.089552239
1337 5840526.771653543
1338 5919244.96124031
1339 5671122.480620155
1340 6080249.62406015
1341 6184703.149606299
1342 5571783.20610687
1343 3468373.7089201882
1344 5608101.492537314
1345 6435555.118110236
1346 5453194.520547945
1347 6099368.75
1348 6617826.5625
1349 5965604.761904762
1350 5596023.308270676
1351 5525918.045112781
1352 6309233.076923077
1353 5928599.236641221
1354 6600756.692913386
1355 5935483.458646617
1356 3164976.245210728
1357 6382217.293233083
1358 6396396.923076923
1359 5411628.358208955
1360 6490698.473282442
1361 5804784.732824427
1362 4676803.529411765
1363 6670300.787401575
1364 6149461.654135338
1365 6397833.082706767
1366 10272.897196261683
1367 6464259.090909091
1368 5488102.222222222
1369 5837385.714285715
1370 6241674.045801527
1371 5974851.773049645
1372 5932195.555555556
1373 5730467.669172932
1374 6069518.248175182
1375 6635715.909090909
1376 5549013.432835821
1377 5840842.748091603
1378 6746224.806201551
1379 6790766.666666667
1380 6093125.190839695
1381 6585006.106870228
1382 6235552.307692308
1383 5682391.729323308
1384 5892463.636363636
1385 5833077.443609023
1386 6173975.939849624
1387 6006081.679389313
1388 6158207.692307692
1389 5999708.270676692
1390 5753699.224806202
1391 6150880.0
1392 5770934.848484849
1393 6045885.714285715
1394 6165309.160305344
1395 5624161.428571428
1396 5490028.888888889
1397 5582233.823529412
1398 6670.526315789473
1399 6327806.766917293
1400 5817025.547445255
1401 5893008.888888889
1402 6144278.625954199
1403 5507851.127819549
1404 6402338.461538462
1405 5520500.0
1406 5682160.769230769
1407 6597324.031007753
1408 6123148.854961832
1409 6148753.846153846
1410 6443568.461538461
1411 6260106.766917293
1412 5966262.595419847
1413 6246424.060150376
1414 5706977.2727272725
1415 6759162.698412698
1416 5676963.846153846
1417 5861479.545454546
1418 6068941.0852713175
1419 6153197.76119403
1420 6569040.601503759
1421 5655070.992366413
1422 6164770.229007633
1423 6050674.436090225
1424 6471782.962962964
1425 5760178.90625
1426 6482348.872180451
1427 5960825.190839695
1428 6482065.354330709
1429 5998482.73381295
1430 5724333.858267716
1431 6498837.593984962
1432 5953871.111111111
1433 6440337.692307692
1434 6541825.735294118
1435 5688634.090909091
1436 6182135.766423358
1437 5460932.846715328
1438 6270514.179104478
1439 6555485.496183205
1440 6378713.846153846
1441 6266362.307692308
1442 6200101.503759398
1443 6102009.022556391
1444 6591360.9375
1445 6120191.911764706
1446 6468385.384615385
1447 9537.373737373737
1448 5533584.782608696
1449 5849683.333333334
1450 5803547.7272727275
1451 5615386.821705427
1452 6066309.55882353
1453 6100600.0
1454 6538881.818181818
1455 6007410.37037037
1456 6110782.835820896
1457 6157250.0
1458 6583854.1353383465
1459 6052140.151515151
1460 6356430.597014925
1461 7311316.40625
1462 6723554.399999999
1463 6108416.417910447
1464 5927983.333333334
1465 6918114.728682171
1466 6662677.692307692
1467 6130435.114503817
1468 6104248.201438849
1469 5962989.3129771
1470 5505540.909090909
1471 5616132.558139535
1472 5721812.781954887
1473 6280750.37593985
1474 5801885.826771653
1475 6237241.666666666
1476 5869535.606060606
1477 6363259.259259259
1478 5992153.03030303
1479 6160211.811023622
1480 5495412.5
1481 6424882.442748092
1482 3445301.6000000006
1483 5954242.307692308
1484 5671102.255639098
1485 6502392.307692308
1486 6435593.076923077
1487 5730745.736434109
1488 6437226.5625
1489 6093055.639097745
1490 6332725.0
1491 6393768.503937008
1492 3428394.247787611
1493 5993263.432835821
1494 5835719.54887218
1495 6530868.148148148
1496 3425143.58974359
1497 6741661.240310078
1498 5949106.569343065
1499 6688651.937984496
1500 6607562.4060150385
1501 5899532.835820896
1502 6509655.303030303
1503 6477141.860465116
1504 6133993.129770992
1505 5772224.087591241
1506 6130939.864864864
1507 12363.366336633664
1508 6015206.870229008
1509 6539896.946564886
1510 6252954.814814814
1511 5910635.555555556
1512 6068874.4186046515
1513 6288758.461538461
1514 5739853.125
1515 6500762.790697674
1516 5486454.887218045
1517 6551740.310077519
1518 6301194.615384615
1519 5498520.30075188
1520 6107030.534351145
1521 7037140.94488189
1522 5833580.916030534
1523 5977836.220472441
1524 6019388.721804512
1525 6194014.960629921
1526 6031400.0
1527 6527019.847328244
1528 6777917.692307693
1529 5885591.791044776
1530 5637803.759398496
1531 6249382.575757576
1532 6207578.947368422
1533 5557306.338028169
1534 5667849.618320611
1535 6725378.4
1536 5682387.786259542
1537 5713954.961832061
1538 5334347.297297297
1539 5504476.296296297
1540 5744444.776119404
1541 6030059.39849624
1542 6692279.23076923
1543 6375237.313432836
1544 5996140.60150376
1545 6825690.076335877
1546 6265913.178294573
1547 6522401.538461538
1548 5671616.030534351
1549 6509343.076923077
1550 6292404.47761194
1551 5900048.148148148
1552 5902591.729323308
1553 5849466.141732284
1554 5888934.848484849
1555 5497832.592592593
1556 5816038.636363636
1557 6260517.777777778
1558 6020431.060606061
1559 7010521.96969697
1560 5874479.310344827
1561 5505892.307692308
1562 6202762.307692308
1563 5791271.111111111
1564 6094342.028985507
1565 6172185.294117647
1566 6357207.03125
1567 6286322.900763359
1568 6318258.73015873
1569 5674046.09375
1570 5903359.39849624
1571 6389858.333333334
1572 6055928.888888889
1573 6075576.978417266
1574 6593088.28125
1575 6257054.01459854
1576 6259557.894736842
1577 6820747.692307692
1578 6401952.2727272725
1579 6540526.5625
1580 6151449.230769231
1581 5864721.212121212
1582 5965094.927536232
1583 6077067.407407407
1584 5974516.428571429
1585 6361519.379844961
1586 6225390.22556391
1587 6020155.118110236
1588 6545740.298507463
1589 5917266.9291338585
1590 6505393.650793651
1591 6259114.179104478
1592 5583377.099236641
1593 6237943.609022557
1594 6135320.930232558
1595 3278401.6326530613
1596 6236186.567164179
1597 6077594.814814815
1598 6049521.875
1599 5680200.0
1600 5857360.629921259
1601 6483730.0
1602 6857311.111111111
1603 5886597.674418605
1604 6653079.6875
1605 6032114.084507043
1606 5610328.057553956
1607 6058248.872180451
1608 6625463.636363637
1609 6259730.597014925
1610 5836411.278195488
1611 6465607.5187969925
1612 5762033.088235294
1613 6364517.96875
1614 6412587.121212121
1615 5948163.432835821
1616 5593278.787878788
1617 3807443.1818181816
1618 6429887.121212121
1619 6125549.264705882
1620 6156516.030534351
1621 6485962.015503876
1622 6697782.945736433
1623 6376606.060606061
1624 6481460.294117647
1625 6389231.297709924
1626 3789930.7692307695
1627 5875641.26984127
1628 6301322.047244094
1629 5697982.222222222
1630 6299758.955223881
1631 6309941.666666666
1632 6715826.190476191
1633 3694438.3928571427
1634 5446430.434782608
1635 5833158.778625955
1636 5773831.111111111
1637 5444086.666666667
1638 6217881.751824818
1639 6728430.232558139
1640 5855403.90625
1641 5663700.757575758
1642 6541708.59375
1643 5702385.0
1644 5810559.230769231
1645 5932509.448818898
1646 5831377.777777778
1647 5631200.71942446
1648 5650997.101449275
1649 5676086.821705427
1650 6131523.484848484
1651 5841572.180451128
1652 6084524.242424242
1653 4569851.515151516
1654 6357956.390977443
1655 6928372.800000001
1656 6183046.09375
1657 6143724.812030075
1658 6064963.432835821
1659 5754648.888888889
1660 6408270.37037037
1661 5969723.076923077
1662 6217418.181818182
1663 3789654.95049505
