0 120720.60978660891
1 119287.49773241895
2 123300.27053318785
3 123036.35545646942
4 122771.20584792046
5 120823.29726257325
6 122553.93962942589
7 122453.86312514737
8 118584.5080125025
9 120974.76251216445
10 120210.7664831568
11 121843.21380571852
12 122862.23098880783
13 121535.03198152043
14 118895.23827386148
15 122577.59553170906
16 123443.44128367346
17 123166.28791992094
18 116202.47161588073
19 124589.88751782055
20 124364.5068151901
21 121639.4537022651
22 122677.33592000473
23 119523.27598629206
24 122406.63357935396
25 123157.50060419047
26 123597.04626876509
27 122242.86971528364
28 123131.07468260109
29 122720.51292728538
30 121869.3235664753
31 123079.63085253886
32 123196.50958269413
33 120020.07586293314
34 123869.92651418799
35 121129.88800068917
36 121850.41241858296
37 123107.0654043707
38 119916.87310575927
39 121658.50903750677
40 121116.49263246401
41 122485.07323116202
42 121708.36072285894
43 118675.04561649375
44 122721.22743714423
45 122631.9809874161
46 123032.75069938131
47 118509.16933603105
48 117492.45140155255
49 121092.99830599572
50 120422.44267594242
51 121094.10918535654
52 123091.00111245114
53 124284.27761994481
54 122837.07135662952
55 121587.91838466687
56 121158.04163640698
57 121319.72265203153
58 123479.41756569398
59 121033.16267326934
60 122528.05338081514
61 122360.32146834205
62 121143.63695335978
63 121493.7793055103
64 122327.73297160363
65 122694.58688744248
66 124412.02416228112
67 115000.37395492163
68 122295.1196530606
69 124574.24999458888
70 122555.66422525252
71 119576.47300572881
72 120576.86537694826
73 120438.12317455596
74 123823.66735817457
75 124294.14741762953
76 121000.80200361334
77 117381.16275065413
78 121732.42518762228
79 120247.71103906643
80 122289.10839716332
81 122127.60921541594
82 124040.28172134694
83 121542.7263433031
84 123236.88759672656
85 119543.46796245883
86 119368.35068204982
87 123322.07249380376
88 121326.34284604693
89 119525.7462102407
90 123660.9908549342
91 124014.83653914627
92 122594.77172093671
93 124551.27628731859
94 122542.40307276552
95 122426.36821556296
96 118465.9119377513
97 124115.38130324867
98 117958.94274151596
99 122935.13268798834
100 124088.00062540197
101 123111.6108801563
102 120733.14513230801
103 122045.66155363138
104 122575.82035730785
105 123668.96709076673
106 122556.32859972448
107 121624.98881251058
108 121920.116321896
109 122233.75645726899
110 122732.21485191633
111 122406.23996348905
112 123927.19080431997
113 123713.16714447002
114 124485.5926946312
115 122479.04276625798
116 120566.12822216596
117 124113.64038399603
118 123792.887718379
119 122087.73294232748
120 120266.46437336158
121 124513.05264609632
122 122626.07578483704
123 120375.49534877762
124 121448.6453418016
125 122431.72682526696
126 123594.20649818302
127 120889.61992342937
128 120625.34324790938
129 119420.044760353
130 120793.51923418044
131 122268.94625362425
132 121656.11718624958
133 119898.61575736332
134 123463.2822515849
135 120352.5107126395
136 117503.55238540577
137 121732.02854747172
138 120952.10256137043
139 123216.98485408083
140 124079.57376193652
141 124281.70845337937
142 124416.1419002225
143 123353.06142734707
144 123136.74009698092
145 122350.79412874745
146 122089.03132027927
147 121729.60063918926
148 123801.10423432579
149 122931.23552329467
150 123176.6339845281
151 122449.1327069135
152 121012.95445565833
153 123813.2235423309
154 119988.90219095224
155 118729.44513915062
156 123653.36501466173
157 121042.50892751588
158 123541.43763066272
159 123551.72643329528
160 122611.64135366042
161 123312.20019741844
162 121504.39078323706
163 118914.4958744645
164 123027.42762115912
165 123272.68666162237
166 120709.73410883469
167 120199.62943282182
168 120804.24497038026
169 123880.10380533079
170 121768.82465878714
171 120942.28859466975
172 121470.03312692966
173 123574.05505427098
174 123538.21795656737
175 121559.36008212985
176 121404.40032028541
177 123574.67931342663
178 122811.21356989058
179 122898.53557233694
180 122344.27771537405
181 119330.57339683794
182 116232.64978184394
183 122765.18109173024
184 120466.58273741836
185 122068.69720286048
186 122718.15979761232
187 123363.74122664396
188 117529.94143079611
189 122869.91806586413
190 122694.09078758012
191 123883.1782975589
192 123624.15605099838
193 121357.76818731271
194 123365.06696722342
195 120995.82346485152
196 122404.47983015375
197 119702.38456459182
198 123820.9174422433
199 121809.19572060333
200 124396.3776735964
201 122160.01575247796
202 122104.65829631597
203 122671.4317595131
204 119917.05745521937
205 123870.94849839748
206 121212.21572083527
207 121628.58231749786
208 123277.43628053131
209 121670.17459185157
210 121529.30978209761
211 122524.85860821197
212 122332.04145299942
213 123818.35186904854
214 124143.39904062629
215 123683.25361941634
216 123916.49280671024
217 121338.36498159921
218 123349.70390329137
219 119711.46896402664
220 116638.69584799165
221 119231.2451317114
222 119519.79162525391
223 116684.99314555222
224 120806.06941165522
225 121760.73245098825
226 119771.36479213911
227 120069.05143316658
228 118007.33569460409
229 123503.86119424872
230 119212.36032346432
231 122046.45356475888
232 121067.55609138985
233 120906.34913892313
234 120054.88067075051
235 117376.264436389
236 123011.45660714817
237 123375.16361670439
238 121425.31142086459
239 120422.40986991835
240 121743.84507088651
241 123093.74689879324
242 122188.77826304632
243 123421.09268457993
244 120276.31007507941
245 124053.49221313736
246 121431.27563599721
247 121905.15399144235
248 122063.03600027338
249 119935.4688982182
250 122078.02950786224
251 124133.94032937035
252 124094.41674185422
253 121495.65825455093
254 123910.69744288862
255 122902.8106030674
256 115131.06139637332
257 122995.31144028471
258 121864.972114585
259 119324.5372385982
260 123146.79806153175
261 123592.61435485877
262 113505.36161611127
263 121063.49833660205
264 123170.0470994228
265 121157.21356204769
266 123491.18276577925
267 123731.92043515581
268 120311.96156952468
269 122079.87441961448
270 119971.02547247724
271 124577.34082012503
272 121881.8770885127
273 123095.29660317402
274 122816.05047012474
275 122496.5309935099
276 118203.53690423923
277 124950.41811354255
278 121715.44268817313
279 122540.83231767912
280 123039.87551298436
281 123177.40325544725
282 123112.85097919167
283 123232.823298527
284 120612.19753386041
285 121362.61460744009
286 123722.35620707477
287 120880.35729704691
288 117749.05460463472
289 122321.06840224058
290 123690.92576545426
291 120186.55443436837
292 120297.39670309203
293 120672.44264649147
294 123971.64380220308
295 123429.21962046553
296 121131.34911189982
297 119999.06438021171
298 118877.55573917623
299 120050.67992614393
300 122050.35135267451
301 121659.82818741753
302 123771.81390915586
303 122073.00019444531
304 123670.48548495998
305 123196.95607136871
306 124248.8782815941
307 124016.531627576
308 122505.71397691245
309 122223.64051448058
310 121157.713407172
311 120327.28901425075
312 121407.3177542258
313 122701.08258532821
314 122103.17418693131
315 122222.19999684086
316 123620.116143659
317 123559.31342430868
318 121283.86248426205
319 124490.68981919138
320 123794.00357390307
321 119970.42412117444
322 120441.10781610987
323 124017.5377004653
324 122180.0585589378
325 120150.43905835891
326 122060.21081941502
327 123898.36012819195
328 123693.35800711022
329 120846.81563430137
330 124462.05938407603
331 122691.81927380819
332 122731.73063356373
333 122317.83516079729
334 123963.19983970067
335 123814.45499522446
336 121716.33797626091
337 123735.41026320904
338 122496.98074877322
339 122834.3312246946
340 121640.99610140044
341 121382.06080402313
342 118848.49496987372
343 119424.7228262151
344 121038.43026262341
345 120993.99794424165
346 121844.3198186258
347 123365.52359048383
348 123150.10155588415
349 120615.45316518581
350 122863.58301443877
351 121629.77738834762
352 121063.1481599304
353 122722.97039426025
354 122021.80238999765
355 124649.28015069605
356 120874.06130455746
357 122366.8364182381
358 123418.62585153521
359 123588.7744495345
360 121083.33535425739
361 121143.09165818297
362 123419.95454100611
363 122913.95553139113
364 123716.22179851521
365 122813.02184665357
366 123399.6475221755
367 122162.75307440282
368 122744.23072244761
369 122254.48498175916
370 121055.3577942559
371 123006.98742263892
372 121601.26683777547
373 123568.31207615699
374 120060.59685428072
375 123473.8896258168
376 123555.22099573618
377 120102.65108675069
378 122259.92534504335
379 119774.64446403716
380 122738.59946899545
381 121548.93079082237
382 121156.37267807343
383 123277.72815135251
384 124504.06562649528
385 118416.6227669051
386 124699.27004754002
387 120052.86746111966
388 121290.38755565052
389 120605.69566138992
390 122560.3179340239
391 121082.74351054143
392 120472.18640008944
393 121100.84253132495
394 122358.13645859426
395 123323.30189529722
396 124042.75145037551
397 124506.53003653235
398 124217.02351446704
399 124246.16703417235
400 122709.25439800453
401 123082.73578687065
402 122500.93348182141
403 122434.90046167356
404 123312.92501578889
405 123890.94205382686
406 123219.33615839592
407 123903.01850006242
408 123296.40210950043
409 122981.70857124483
410 122720.81922534149
411 123313.46463628799
412 123960.38713036723
413 122613.42601567421
414 120406.9377185935
415 120820.15566991967
416 123370.99390336763
417 122233.08219442389
418 121554.23416316978
419 122477.47390675398
420 121993.03996424287
421 120784.66608460549
422 119236.74924087239
423 119266.56305201922
424 123573.91746405578
425 124298.78117377662
426 124302.26865588703
427 120933.14928135685
428 120241.21764852297
429 122350.47286047238
430 119686.76389612895
431 122906.95859006669
432 123597.53535123846
433 121692.97532230125
434 121391.51338413049
435 121647.81438599889
436 120252.97991525958
437 122841.62292416599
438 122563.78631337946
439 121031.64423707165
440 121497.96742867149
441 119105.66476993872
442 118849.35299600427
443 118735.91985028588
444 124164.74972613784
445 122041.17414979386
446 123050.1002243155
447 118713.85529800567
448 121702.5407259342
449 123058.9352165991
450 121966.06818317437
451 121497.3223464583
452 124097.73837063917
453 121913.44922986157
454 121328.17586714438
455 119992.51591366332
456 120728.88950971622
457 121573.53284661446
458 122194.21014874488
459 124444.34476219879
460 123399.23700911475
461 123288.76282368621
462 123551.50616594675
463 122074.84273608628
464 121922.10181591031
465 122421.75189803277
466 119986.85752861902
467 120228.65609870364
468 121599.42835346768
469 123123.12474433989
470 121534.20270148784
471 122325.78751027644
472 121005.65685897674
473 122640.56692499407
474 121470.96512520008
475 123918.64959929301
476 122601.79124097791
477 120369.92385901371
478 122505.0767832475
479 122085.44033649817
480 115376.28856302379
481 122678.5807193554
482 119845.30592486111
483 119945.55410172629
484 123286.81930243231
485 121660.89382712654
486 120389.22026371518
487 120913.63944842858
488 123541.89870419809
489 119753.84077696873
490 122435.01101579101
491 121846.22364182521
492 122785.30307401036
493 116773.37935016649
494 123110.12254895308
495 122980.62396408441
496 123376.02424415408
497 122233.12053855743
498 123114.85076534528
499 124050.8075844102
500 123658.2324421157
501 119914.00773644207
502 116376.51089899996
503 123595.96133059934
504 117836.20849011208
505 122789.30676783188
506 122997.86390609115
507 122599.7150428675
508 120677.24441503028
509 116817.74392788493
510 124429.27842981718
511 122366.79622775204
512 123049.30340176336
513 119355.8489482547
514 119370.91258944037
515 122679.6221903566
516 124915.63891492737
517 120692.84865631495
518 123973.26567281543
519 123369.34432349385
520 122981.12483287684
521 119882.44957399857
522 121113.58698772648
523 123924.83460982979
524 120049.09629708795
525 124486.77351884998
526 118335.41551906783
527 121918.44424431976
528 121869.81608589906
529 124490.32128747593
530 122879.88371491713
531 123503.22531682924
532 124427.11366033848
533 122581.7955539893
534 122902.43485530492
535 118280.83100098828
536 120686.36221704392
537 121953.33608025857
538 123104.29529485451
539 121506.6114644235
540 123355.83495774295
541 121449.96289816401
542 122496.05205387714
543 121439.6138016064
544 121208.8739189776
545 120838.42905474907
546 123116.58371645192
547 122183.46672138746
548 122527.4291299676
549 122497.93829397511
550 123184.11858154571
551 118991.86114135123
552 119677.67080896361
553 121324.05822083163
554 122752.77376079651
555 121986.87604464561
556 120526.58352978942
557 122151.40697026027
558 121209.68834424159
559 123742.06054126256
560 121752.42736803966
561 124226.65512083532
562 124390.44621619456
563 119972.51930484855
564 120914.99768653708
565 121690.9550663873
566 124109.74297951379
567 121344.51719786655
568 123040.99338843522
569 119213.46610676109
570 122848.86545779557
571 121839.74260106977
572 121391.59990521969
573 121794.80627771393
574 120367.0062437726
575 121114.52181334193
576 121969.63677910174
577 118906.52133847846
578 119891.75214344064
579 123639.53108815486
580 122325.70921913451
581 120507.29904856053
582 122890.63251806816
583 120434.30911046223
584 122402.86162246006
585 120266.79954851876
586 122770.10714048894
587 122338.85025156433
588 123848.91897275262
589 121628.61469184213
590 121921.94037661879
591 119680.8284922678
592 121496.64356448209
593 122373.56374430557
594 121398.99411634356
595 121313.94384622997
596 123130.26965223091
597 123176.35016011201
598 123881.92982333194
599 122165.19170271851
600 124416.8669357951
601 121648.94983231586
602 123203.94362913625
603 123828.51884717193
604 123036.60178177788
605 123564.8515538442
606 119609.45757889055
607 119177.27096183211
608 124823.04574337095
609 121868.80881706027
610 119139.80729810707
611 121957.49824358393
612 122416.37208961604
613 122626.07978027228
614 121404.45025580387
615 122692.1574530991
616 120122.72210082272
617 122721.52497778092
618 120992.48785799541
619 122552.12950955481
620 119145.86765554777
621 122038.3711199979
622 123708.76500514247
623 119347.48497070117
624 122385.98235465915
625 124178.32620776366
626 122784.86753911783
627 118930.19643527616
628 122898.50087521806
629 120626.40659182146
630 121962.71635964412
631 123189.87607253196
632 122785.28231070223
633 122596.3264189004
634 124067.79086979006
635 123235.7454946026
636 123592.94651518768
637 123984.71263854526
638 120626.36639806668
639 122644.88365480657
640 119413.93686007058
641 117271.17363594979
642 122450.30688507394
643 120373.87414972781
644 123851.48206520067
645 122212.50932017059
646 119108.2139351231
647 121017.06956924166
648 123316.93643136015
649 122742.33035787198
650 118375.85098936413
651 120217.12314837899
652 123909.32033408285
653 124113.65008494935
654 122762.59124606592
655 120824.29799750402
656 121848.32421995206
657 120554.03511301501
658 121943.46473964554
659 120055.05395742234
660 117039.02963492023
661 123837.4840099676
662 124404.05343936157
663 121070.28688993766
664 122174.23231380415
665 117495.03804651804
666 124173.27285467094
667 122002.67113318316
668 120264.40667029309
669 122249.68747198746
670 124445.21890365686
671 121826.48734197163
672 123957.92180962306
673 123075.52087010948
674 120335.96407869812
675 123070.69686239175
676 119398.83319103741
677 123000.97610032477
678 122726.37222127196
679 121311.22426094832
680 119960.97677417732
681 121674.66887169606
682 122748.33763774269
683 122673.33280269783
684 122969.78381709543
685 121306.72272308716
686 122961.94382915915
687 123292.81190021349
688 123094.03193807088
689 119657.18136935707
690 118866.68302581068
691 120924.27208045656
692 123553.60034636201
693 122361.64026787302
694 124298.63556985983
695 119644.70853111075
696 123517.89608105422
697 123236.37911186148
698 122465.1791308629
699 123556.65558674422
700 123369.93436406658
701 123521.79088822014
702 123424.04122377193
703 121715.3174111399
704 123678.66285730152
705 121751.99172657769
706 123208.97430037783
707 124513.6022937128
708 122337.90397145762
709 122069.76309381811
710 119143.45170797866
711 123550.35111800804
712 121029.21927832291
713 123319.53983026533
714 123107.88884248602
715 121121.38963428006
716 118560.28201191625
717 123700.57360068377
718 121029.35144559729
719 124131.46475162587
720 121044.71524016818
721 119194.71174403813
722 121105.368725173
723 121081.61384603208
724 123242.32360583739
725 118333.68082077427
726 122177.80040982696
727 122188.60495840952
728 121525.49856359957
729 123871.20149075273
730 123231.20782000275
731 122377.65146939078
732 121475.00791602395
733 122291.35034555454
734 121033.4297241593
735 124802.6130512172
736 123226.5271621452
737 122973.77265241736
738 117160.70453268394
739 124141.10590534318
740 120368.6976011228
741 122924.6716307299
742 124067.33388432204
743 119727.17958417529
744 124513.44916216654
745 122204.49282336282
746 120873.26211800642
747 124342.53425940791
748 122604.25642390466
749 122592.0139265443
750 118430.0978059872
751 124058.62081407194
752 122505.84196054193
753 120143.6518490142
754 122907.10330545346
755 120465.14501023003
756 121322.01833465579
757 119526.48484543955
758 122789.3712309835
759 122517.2817263681
760 119660.46432226303
761 124599.4049968156
762 123399.93134565795
763 120826.1122193176
764 123712.56741152926
765 124130.4585670805
766 121680.42685517122
767 122579.02266232834
768 122581.312135361
769 122979.36618838021
770 124545.23610514787
771 122503.3936539825
772 122215.02280811353
773 122023.03054498773
774 123031.51197769737
775 121318.3859311978
776 118109.7657767633
777 122068.1515620699
778 124016.72891347503
779 121896.5393047615
780 119614.7965277379
781 121340.17065304058
782 120336.39503570533
783 123554.33197015786
784 117605.96868634412
785 120737.68886276291
786 123561.08190976508
787 121161.43999236105
788 122259.60636611123
789 123188.11114153094
790 122496.94709419928
791 123487.31633583494
792 122720.2831513025
793 123423.64218280581
794 124385.0779335807
795 120304.13045371385
796 120084.8906236656
797 123661.95763468221
798 123140.33035414004
799 123898.8277013381
800 121416.24695151453
801 122188.26614596912
802 122238.51999603708
803 123478.76975653961
804 124418.61857177957
805 118110.95649154359
806 124104.60063219593
807 122426.15680181036
808 119661.26305796084
809 118745.6046829696
810 121888.54814683073
811 121687.73118234625
812 121312.72814710838
813 122887.56270743998
814 121896.27256922163
815 121128.90363169354
816 122872.73991598336
817 123674.56518674105
818 120216.02233660028
819 123423.86268440854
820 123304.823503636
821 123509.24574585889
822 120309.72642141304
823 120741.71792131852
824 121632.60150850665
825 123774.69913919283
826 122425.35041082457
827 122021.0324738025
828 122867.85096251227
829 122244.61219005151
830 124407.58110729726
831 122596.17980348505
832 124829.28973317647
833 123776.32232144206
834 123392.99191681703
835 121226.76796899836
836 123016.5845230916
837 122448.02300750956
838 122314.71435076663
839 122217.54803275064
840 119058.73338912525
841 123052.47106706814
842 120838.75795797798
843 120275.36403103151
844 123337.84548285563
845 119511.0712115209
846 124471.07493181586
847 120280.82582976844
848 117516.88725281465
849 121682.61693124702
850 123996.93683713966
851 123868.4619213546
852 116035.39200033242
853 123990.21520414445
854 122196.90869110244
855 122282.93040397571
856 123413.447956426
857 123318.28959866334
858 122293.91163198803
859 122904.86243189266
860 118482.0045921086
861 122147.10909750531
862 120617.46896752418
863 121437.51430163893
864 123409.97463376136
865 121603.98308186057
866 119536.57751289621
867 119246.04577131219
868 124309.67970989452
869 123144.0781460724
870 120127.15647375616
871 122809.6157505315
872 119915.71784133313
873 120013.85011685344
874 120038.12891322226
875 123037.06659022594
876 123193.172736928
877 121257.63950962869
878 123679.10854146419
879 122708.39405579718
880 123936.40374508002
881 119958.054461999
882 123974.72350603457
883 120142.0945026274
884 122734.46407119608
885 117580.59879238732
886 123889.7207216211
887 123884.1267345183
888 122608.87004346539
889 120141.47962011563
890 124199.97207381588
891 121053.4694893478
892 119226.09096569195
893 120785.47203094204
894 123140.3045213881
895 123089.51697507793
896 123043.02520728813
897 121244.60930431182
898 122392.05824524774
899 120699.24526311766
900 121357.09634750584
901 122963.22346041659
902 122306.25800684158
903 123731.74721446971
904 120539.41945973634
905 122208.48375818742
906 117811.82922756714
907 123035.99967759631
908 124001.99683497119
909 123998.61049212166
910 122585.56984785022
911 123392.19312529228
912 123626.69738839129
913 121467.57165268104
914 124805.26200899348
915 122414.37006410769
916 120445.64923178198
917 122604.58029715868
918 123067.85299808772
919 120732.97647378256
920 123108.06227665035
921 121665.30654216923
922 121229.3768070871
923 120215.16334032216
924 119943.67344499304
925 122515.5328963577
926 120396.97973307267
927 123811.33276979251
928 121918.78123933534
929 120731.52855159798
930 123743.22652688947
931 123609.93124250179
932 121688.94682893308
933 121741.53465295133
934 121345.86388445669
935 123816.00441578802
936 123419.65609733423
937 124278.585655679
938 123999.59427035796
939 118850.4243109769
940 122503.27139371463
941 116707.92569981702
942 122378.20914913258
943 123177.25709337676
944 122153.21651088499
945 124247.52995394521
946 122380.20816027286
947 120324.63466061436
948 122580.94808632831
949 122202.34494591336
950 121101.89178995183
951 124031.1008940096
952 122546.46076607256
953 118757.90927983112
954 122281.82404750433
955 123582.06802006483
956 121724.39235167111
957 120279.80173350222
958 122175.50165560092
959 122070.50767241305
960 117584.81599654531
961 123678.80243543055
962 123550.62323371737
963 119411.01646547914
964 123383.50398185742
965 120582.73968543849
966 123327.22393830125
967 120905.07436397744
968 120292.8708534198
969 120112.47418722593
970 123798.07738358811
971 121727.42733642255
972 123198.36401750063
973 121586.43735748924
974 121458.9579527859
975 121532.68100979069
976 123946.39990092929
977 123076.09916832071
978 117358.02007498653
979 123635.23917715554
980 122546.07089614861
981 122818.8049141501
982 123868.18634067583
983 120522.46618749437
984 123355.42094136662
985 122460.06703509354
986 123317.11385396759
987 122777.3678931061
988 119387.606478241
989 121607.17869366723
990 121728.10662242089
991 122791.62033127494
992 121023.46023021283
993 124086.01672584435
994 123491.14674665194
995 120791.98784176463
996 121169.54460971463
997 122427.98993050629
998 124305.65049636479
999 123225.04312018362
1000 121233.78655845004
1001 122198.52944668218
1002 121837.40117385636
1003 124227.61814258399
1004 121196.85783456844
1005 122946.88475494838
1006 121471.92412660278
1007 122267.63091420084
1008 121005.28586876592
1009 122057.4657609623
1010 122251.9365217932
1011 121202.21190302027
1012 122827.39404717034
1013 122329.7912636041
1014 120138.38433055555
1015 119646.22756995255
1016 122664.24814821198
1017 119832.36206608519
1018 124290.48055749024
1019 120296.02366819608
1020 122410.46052331282
1021 124377.09748186226
1022 121745.82694048123
1023 121001.10799493958
1024 122673.06074132676
1025 122900.58587493532
1026 121040.82175252849
1027 120171.55704152095
1028 123024.34120552972
1029 119130.85514952957
1030 123239.18308100279
1031 124083.96170449215
1032 122454.19873286648
1033 122881.8423582875
1034 120314.42513219985
1035 120363.83245493552
1036 123313.120265732
1037 119687.91818409217
1038 114637.77571704023
1039 122837.98108807091
1040 119423.4533002178
1041 124193.2152036635
1042 121470.64660218655
1043 121975.34790389429
1044 123202.43554525705
1045 124601.465047315
1046 123553.34127854281
1047 122404.69485695907
1048 120514.7723567224
1049 121004.25618671611
1050 122341.25223103796
1051 121602.07338528337
1052 120111.79068811849
1053 123269.33255052073
1054 123832.23661663874
1055 119397.66885246526
1056 122777.68763684483
1057 119834.93692787859
1058 121148.80512291206
1059 123798.29359281671
1060 122213.64767606978
1061 123866.02277540397
1062 120456.48322781861
1063 123905.70473371376
1064 118627.1346491415
1065 123145.14968092192
1066 124116.45018013952
1067 122319.41628242844
1068 124475.13298392778
1069 123089.46598697099
1070 120950.48441830912
1071 117809.53041086775
1072 119286.1060535375
1073 121463.51801893512
1074 121649.00132914388
1075 121871.07067668742
1076 122416.69970030848
1077 114755.39578887343
1078 123350.8249286362
1079 117881.57385128549
1080 117734.06154212127
1081 121970.01492085558
1082 122956.43867436072
1083 120447.86112387378
1084 123919.73857889604
1085 124385.9406702926
1086 122181.81226946948
1087 119393.07494007805
1088 118461.20357838784
1089 124319.32280702733
1090 122472.24370268425
1091 123737.18224145022
1092 123204.90822667493
1093 119957.3642881622
1094 121454.11676057705
1095 123545.94520106186
1096 122748.05984180223
1097 119237.67618847583
1098 123323.63883129979
1099 123143.88983015955
1100 123453.60406338453
1101 123688.6284007793
1102 122653.42143936218
1103 119169.407219698
1104 119223.04329270987
1105 122252.90187786437
1106 123186.44216044722
1107 121572.46286081379
1108 122274.54654811363
1109 123230.5511642032
1110 122994.59866859573
1111 123752.65481271152
1112 122090.14450013333
1113 121024.99925045908
1114 122241.73740548114
1115 121153.41493325283
1116 120627.20444819104
1117 123254.1867183064
1118 123606.7230188314
1119 122954.00931194956
1120 118745.88738858707
1121 121867.61505731141
1122 120640.55752150083
1123 123211.82585666972
1124 121040.74456286368
1125 121601.85325420903
1126 122052.69895465739
1127 120969.55289189109
1128 123281.53560611978
1129 119700.4226316645
1130 120140.23403291295
1131 121789.19821732586
1132 121964.48079398974
1133 122049.62382908538
1134 123538.28353552967
1135 123153.98871031603
1136 123675.71420858914
1137 123721.34424215226
1138 120564.70647148868
1139 123129.5261488847
1140 118452.35411095881
1141 123969.52841469654
1142 122575.04142598114
1143 122561.55650988985
1144 121387.35446765066
1145 121796.49335145594
1146 121987.784880088
1147 123159.71365826325
1148 118252.55707527397
1149 121708.45555951097
1150 123186.4326335306
1151 123453.52021500068
1152 120410.35179218753
1153 121436.11397077926
1154 121304.71825892516
1155 118180.29968198485
1156 122070.64294425923
1157 122512.17536302721
1158 123026.27852301086
1159 124303.36435006022
1160 123652.02648113317
1161 120505.6054460366
1162 122720.82732094955
1163 124142.18370189295
1164 122187.69413989232
1165 121477.9812024636
1166 123772.82420819339
1167 121723.61008952552
1168 123944.28906691524
1169 123021.24665309254
1170 122561.38339817182
1171 122758.85094270932
1172 123693.67505368625
1173 123808.30338382412
1174 121203.40904156888
1175 119869.11331549412
1176 121100.28521909552
1177 124059.33914397025
1178 122531.69629627868
1179 121903.53633750713
1180 122829.07139546392
1181 122997.31388097715
1182 119545.05091728889
1183 121459.05320222377
1184 123594.1575203648
1185 123497.84416081503
1186 123956.8095420153
1187 123917.7660263592
1188 120199.00008378443
1189 122166.28594567321
1190 121988.07563816066
1191 123558.71987993398
1192 124605.1528845894
1193 123588.91375032747
1194 120340.2173378299
1195 121441.70399663466
1196 122892.79885793965
1197 122163.33411353575
1198 123047.97347575933
1199 121684.59895242771
1200 124388.57510748516
1201 123943.67379818787
1202 122335.26014190327
1203 124693.06556915592
1204 121614.17665501083
1205 123081.86681830326
1206 115572.9105402613
1207 123147.73720145323
1208 123586.7734099204
1209 121745.5344604241
1210 119797.74577355164
1211 124581.3343585502
1212 120091.09486016168
1213 119052.85367517387
1214 123621.78327493083
1215 122330.27560885237
1216 121935.18279182153
1217 124177.59594264148
1218 121406.85059437173
1219 121084.13427479524
1220 122068.09446750436
1221 124472.41810532317
1222 121305.03505818568
1223 121990.22364954307
1224 122064.22636074122
1225 122276.93268359285
1226 120492.86184695471
1227 120782.8808668136
1228 121095.22334588841
1229 121010.00411142631
1230 122261.93795313007
1231 124753.70262623149
1232 120601.0169978138
1233 122476.28374566878
1234 123041.31149719156
1235 122673.6916314852
1236 118930.84824444527
1237 119911.483315553
1238 123914.51606178304
1239 122553.24732199404
1240 121826.48951051875
1241 124335.25317327425
1242 123873.78372920894
1243 122960.1693862166
1244 122994.11916473474
1245 122263.45222745824
1246 120668.61737578013
1247 121324.91806751874
1248 123430.5826206052
1249 123458.8099221457
1250 123813.24761338504
1251 120627.43533767774
1252 122227.39016138714
1253 120246.43786457797
1254 122635.86547020555
1255 124839.90038369053
1256 123378.05437687616
1257 121540.11394361076
1258 121586.77702694193
1259 119465.4744137986
1260 120826.88163791884
1261 124287.72936198101
1262 118375.99658542682
1263 122214.41879920437
1264 121287.68622708335
1265 123493.97814190657
1266 122490.95122392046
1267 123885.69610815684
1268 117922.63215754127
1269 123990.09108598177
1270 124347.48101834668
1271 123056.47362770529
1272 121029.61214069254
1273 124104.03931149757
1274 120365.67950739342
1275 124307.7137407744
1276 122478.28137707326
1277 122449.25311605858
1278 120722.22827167517
1279 124422.23917863032
1280 123597.16067700722
1281 122151.23555844893
1282 124184.61523664449
1283 122253.4320669951
1284 123701.6901615134
1285 121502.94655361022
1286 121768.99219426331
1287 120902.41240322271
1288 123151.9570308953
1289 122459.11601639837
1290 124046.44335941585
1291 121986.47015521454
1292 121526.13065005185
1293 124238.17108741326
1294 122422.05323244685
1295 121712.57767784827
1296 123572.68284007677
1297 120860.86914188959
1298 122401.81971982656
1299 121654.98707508872
1300 121777.89699909033
1301 122308.8855492209
1302 120235.72330155323
1303 123976.30539475118
1304 120739.88430418182
1305 124332.09995375952
1306 116106.1368643204
1307 123579.896071119
1308 121242.64394261273
1309 122335.87588221458
1310 122573.58441729972
1311 122318.6871908103
1312 124118.82628737431
1313 122053.29672332652
1314 123521.74913886767
1315 123506.04529962568
1316 122693.9328603513
1317 122983.79961398737
1318 119927.18348787483
1319 122691.72159837458
1320 120536.86224252777
1321 122386.03678344846
1322 119446.10796163487
1323 124218.74906081523
1324 121489.6685206692
1325 120123.65845525559
1326 123445.48757726044
1327 121105.1661231084
1328 122777.3678931061
1329 123288.35080404015
1330 124397.92237607691
1331 122281.93327716536
1332 116256.05091989755
1333 122126.60813819425
1334 123096.79415114863
1335 122629.49183323127
1336 123171.18306269369
1337 122352.92854788306
1338 119108.51196880004
1339 123384.90584741283
1340 121967.71882121127
1341 122139.54972234697
1342 117954.86410933967
1343 117845.83657059463
1344 120958.71355644274
1345 123069.61688498965
1346 122753.71778159848
1347 114354.10273867726
1348 120854.76316054298
1349 123606.47521600699
1350 121758.50437979156
1351 116435.02394287084
1352 121167.9985650647
1353 123407.14546119896
1354 121757.83411865318
1355 120974.0198192212
1356 123971.2436375479
1357 120428.59123909549
1358 119869.96384199488
1359 122263.96275077942
1360 119740.1164523018
1361 122774.81320461673
1362 115735.82813648834
1363 123805.40758998533
1364 120940.85880792764
1365 121426.12411020772
1366 122544.89003674046
1367 123438.66151644073
1368 124079.73694766972
1369 123013.23549793313
1370 124105.24988664348
1371 120367.01174382579
1372 123170.70951033336
1373 116272.22386530178
1374 124073.96237122669
1375 122456.52765189597
1376 120359.35659868666
1377 120915.21410310983
1378 122792.08608623882
1379 117612.22807268721
1380 124033.87872175824
1381 117796.81720908283
1382 119784.90736651333
1383 122436.69413397257
1384 123491.0981611739
1385 123506.30738100571
1386 123596.44728172022
1387 123887.04617054727
1388 121596.51361084086
1389 118657.02610663822
1390 124245.76957190363
1391 123391.70988428865
1392 120069.3007384977
1393 119716.28855804847
1394 116791.7477682828
1395 121529.54603413335
1396 123255.18442406564
1397 121301.81572892368
1398 124747.9318850703
1399 119911.39296349547
1400 123558.21580975698
1401 122300.40842261835
1402 124538.49844745289
1403 122945.01801966861
1404 123141.08131229838
1405 117671.3328252751
1406 123375.28095259597
1407 121544.78835199388
1408 122837.00196847877
1409 121559.37960385857
1410 121000.69522007929
1411 123286.50159954221
1412 120986.58842961873
1413 122745.43343354698
1414 120845.20801151793
1415 123741.43891159391
1416 122804.29278307215
1417 123822.19052510563
1418 122753.50907364946
1419 123341.53473442547
1420 124025.95291037625
1421 124412.17897106739
1422 121801.70684921708
1423 121376.21756960508
1424 122073.08339159624
1425 124230.19986116467
1426 122325.99085605485
1427 123761.2671902595
1428 120769.7681090001
1429 119690.92008430732
1430 120718.5305834991
1431 123260.91490098671
1432 123658.28275718432
1433 124577.50048361308
1434 122419.17753840439
1435 122835.70309447595
1436 123059.4837308766
1437 123167.0685266993
1438 123940.8892504316
1439 123190.28211094312
1440 121969.52205989904
1441 122657.41794511268
1442 124345.66610277155
1443 121376.76377496863
1444 124353.24478259416
1445 123099.6823690215
1446 123170.14602286028
1447 120101.45856243724
1448 123224.6669880601
1449 121840.71174470118
1450 123128.26179167323
1451 122630.1343206798
1452 120784.11251511904
1453 121348.13227840682
1454 119933.12873891808
1455 123523.2672943829
1456 123444.54104792821
1457 122697.27600845961
1458 121332.8312933398
1459 124182.8142453429
1460 120941.59671124797
1461 123283.22306387388
1462 119041.35688111516
1463 123224.9554611029
1464 121664.47293809228
1465 124563.6417933051
1466 120110.09937063143
1467 122940.81270857238
1468 123554.89240597605
1469 123301.45252972296
1470 120698.31980281945
1471 122021.82337617652
1472 121839.73812524704
1473 121743.9725598422
1474 122985.46407318348
1475 122807.57953759622
1476 119210.97069025702
1477 119888.22247966866
1478 119754.40285444279
1479 121041.04745142808
1480 124351.8448249225
1481 123632.25087529793
1482 122500.52857969573
1483 121729.47353359126
1484 123882.08444877333
1485 123192.97488049213
1486 117630.141441174
1487 121600.87153793841
1488 119837.04642107013
1489 122249.12859403514
1490 119829.74296594229
1491 123049.90105580499
1492 122586.55408138735
1493 123667.64027836536
1494 123042.79856445245
1495 120564.20425516099
1496 120295.12277265395
1497 123854.03264669907
1498 122322.15991366161
1499 122404.79600643349
1500 122031.1270663499
1501 115902.66008087492
1502 121607.17732767278
1503 123276.40688998331
1504 122174.4409940699
1505 122993.87264856446
1506 123590.88616696117
1507 117467.69258921554
1508 123813.73578403049
1509 119831.8540714689
1510 123553.70445820772
1511 121322.93265197719
1512 122561.27052802811
1513 123344.89701006633
1514 118752.30545633304
1515 124267.3981857792
1516 120691.24529517774
1517 122403.09385874293
1518 121834.68858485746
1519 123591.22702008321
1520 123672.19010298644
1521 124373.10474803923
1522 119724.94693879958
1523 119312.29500249994
1524 121302.8426649713
1525 121764.46249959491
1526 119923.92872581618
1527 122550.93275176521
1528 123079.53288904927
1529 121462.65978062559
1530 122357.61847175764
1531 124046.43441656837
1532 123084.17264962994
1533 122779.01700001763
1534 120819.82126431179
1535 122026.77343002334
1536 120663.88029971556
1537 124360.73059051533
1538 123727.20714610159
1539 124251.51726290969
1540 118682.5761783835
1541 122679.0084817583
1542 119436.74323013466
1543 123859.39420596944
1544 121873.53681060596
1545 122698.39135521771
1546 121610.45185066474
1547 122151.34587415378
1548 122893.39420318964
1549 121546.58530351493
1550 122931.3631326855
1551 122145.20047354679
1552 122022.15498778867
1553 121914.61445495393
1554 122120.26938623436
1555 121000.1306506888
1556 122357.81865119502
1557 121068.05441120005
1558 122141.82742270235
1559 122335.08631684491
1560 122706.4817988099
1561 115921.979685119
1562 116806.63687282539
1563 119577.10618866135
1564 124498.54179033548
1565 120906.96021993442
1566 121985.99006269453
1567 118040.16324136809
1568 124020.88038675822
1569 122597.27831580046
1570 121858.32129018553
1571 124006.46585879043
1572 122489.49262743177
1573 122076.99379126097
1574 122585.06640117176
1575 121425.2446004153
1576 120444.0819262242
1577 121944.44031727812
1578 122702.44800108792
1579 121831.87110393036
1580 121453.93069374957
1581 121461.88211724884
1582 122581.5459289495
1583 123836.9093669371
1584 119488.03328664809
1585 121537.184461176
1586 123310.89759021699
1587 120955.52852498465
1588 122227.89643696969
1589 123065.53113721538
1590 122321.17554176092
1591 123078.63322788243
1592 123551.79815890118
1593 123665.04497376761
1594 118129.30914589894
1595 122327.48453830251
1596 124486.41087830464
1597 121507.64226076336
1598 122297.72307620024
1599 122151.16168382569
1600 123250.45326164624
1601 122459.73612347613
1602 123221.18544189652
1603 120510.18579234241
1604 124450.47144214602
1605 121990.11881491682
1606 120519.61468721605
1607 123383.88490477217
1608 121692.83627776426
1609 119200.75315209077
1610 123599.13526129416
1611 121586.05852605995
1612 123359.57329846163
1613 121127.22837429908
1614 121484.28320767629
1615 124300.57742204599
1616 123592.37955981701
1617 117623.51625263708
1618 123051.81004799613
1619 120688.3023599513
1620 121239.36854728675
1621 123843.62722813038
1622 124508.33677016156
1623 123976.87094652564
1624 123810.7548836512
1625 122206.72620424106
1626 119264.46548842556
1627 124014.78584421049
1628 124243.09563767126
1629 120548.08130402568
1630 123223.40632751872
1631 120347.47141165526
1632 118337.52716828187
1633 117757.51438243914
1634 121811.10155003968
1635 120142.62396912221
1636 122164.75732565609
1637 123937.24053110434
1638 123809.48191893322
1639 121538.65307141299
1640 120862.0261128137
1641 119082.21983758964
1642 122130.20943211464
1643 122093.85258269006
1644 121900.48860433302
1645 123652.89076866407
1646 123063.35258425161
1647 120248.28638163015
1648 122088.53995691979
1649 121865.67133361191
1650 122315.76757655543
1651 119755.36190984692
1652 122127.69163669509
1653 122221.6562795907
1654 124259.11319366941
1655 122690.24948264191
1656 120715.85724990511
1657 119502.20977776479
1658 121806.49321317862
1659 122395.88853446186
1660 122597.9078677284
1661 118401.57516023556
1662 123336.20935615117
1663 121833.87029592233
