0 979089200
1 840956700
2 851711100
3 899825700
4 761753600
5 564100
6 894887600
7 847665800
8 820081700
9 783961400
10 730894900
11 889982200
12 867093700
13 800625700
14 883602500
15 876263400
16 751686700
17 878907000
18 802356300
19 789607400
20 804840000
21 907024100
22 821095200
23 752819300
24 832497400
25 858725400
26 844923100
27 864140800
28 828053500
29 745932600
30 781946100
31 821194900
32 810040900
33 783688100
34 725303200
35 867786300
36 856524800
37 868649700
38 857695800
39 887905000
40 776190200
41 818634700
42 764099800
43 770803600
44 845331300
45 911080000
46 831410400
47 851861000
48 789954900
49 862261300
50 817072100
51 746498200
52 712591100
53 735346400
54 727303400
55 908119300
56 785402200
57 836043800
58 867234800
59 775084100
60 793416200
61 285900
62 775896200
63 754941500
64 866756300
65 903953800
66 851233600
67 53600
68 795171100
69 866047500
70 856269600
71 811083000
72 864210000
73 763512700
74 807612100
75 864686100
76 811501000
77 846914700
78 823304000
79 775431500
80 829865100
81 869983900
82 725514400
83 830457700
84 826418200
85 847543200
86 884627100
87 898521100
88 910594800
89 750369600
90 783814900
91 870834400
92 827643600
93 723335100
94 857765100
95 769418800
96 736250700
97 728229800
98 830350000
99 854594400
100 756219100
101 876561600
102 849610600
103 865201000
104 855765600
105 923692600
106 805494200
107 855082500
108 824273600
109 859833000
110 767172900
111 794757800
112 165500
113 826797700
114 827696700
115 792340000
116 774143700
117 788834100
118 744709600
119 876058000
120 747034500
121 814091900
122 821566200
123 711768300
124 859932300
125 756903300
126 794788600
127 791880100
128 813264500
129 749707200
130 729208800
131 814989000
132 760077400
133 814085600
134 741561900
135 852540300
136 836118600
137 826765100
138 886796100
139 832800000
140 826349700
141 852505600
142 760182700
143 877679600
144 727938900
145 837593300
146 736315200
147 904109200
148 739059100
149 720056700
150 856196800
151 757579900
152 778033900
153 788152600
154 746368700
155 854086000
156 784292000
157 884468800
158 722116700
159 827503700
160 822889000
161 775288500
162 725772000
163 803364200
164 874867500
165 856958900
166 777140000
167 805294400
168 876367200
169 847733900
170 870930200
171 723824800
172 799674500
173 798730000
174 732361200
175 788296900
176 725799600
177 755485800
178 798765600
179 728015200
180 838474900
181 713309500
182 731652400
183 786512400
184 737659700
185 847346800
186 790586600
187 873366400
188 888674000
189 820012300
190 791278700
191 798518400
192 736233100
193 785676000
194 858185600
195 752739500
196 757766100
197 798617500
198 591400
199 889126000
200 804842800
201 829323300
202 833952300
203 760513100
204 733745300
205 864952700
206 724641300
207 828892300
208 840084000
209 779996600
210 879096400
211 846482700
212 772221000
213 806840900
214 733697600
215 833044500
216 856513600
217 745395800
218 833234600
219 744232600
220 808036500
221 840695300
222 769499300
223 830240300
224 814723300
225 794594800
226 843321400
227 819349800
228 794324500
229 756644400
230 787225900
231 779698000
232 120500
233 806877200
234 848009000
235 808299200
236 720906900
237 846382700
238 860646600
239 811679500
240 759172600
241 727651600
242 827924700
243 882540400
244 802298800
245 850326000
246 795203000
247 800793700
248 852540800
249 848017100
250 829083700
251 898651500
252 863336100
253 829511200
254 422300
255 783963200
256 838267400
257 831797900
258 822978100
259 784584800
260 804240000
261 807163100
262 840485100
263 887422900
264 840536600
265 845943900
266 759683100
267 840294600
268 730977000
269 845975600
270 866538900
271 738098400
272 873140600
273 777425900
274 793366800
275 741322400
276 745402700
277 750167200
278 794126900
279 824980400
280 875523200
281 754078700
282 773628700
283 728192700
284 834855600
285 821827800
286 750422600
287 823862500
288 830336000
289 765494900
290 824626000
291 791225100
292 831955700
293 962190500
294 727068700
295 777802700
296 774901800
297 756309400
298 836250200
299 753793800
300 843530200
301 858773000
302 749769300
303 802204900
304 783909100
305 818663000
306 790855100
307 838929000
308 835159500
309 778634500
310 862092500
311 831623300
312 815803400
313 919977100
314 785109900
315 720845700
316 750946200
317 888679000
318 777118600
319 750844900
320 855224000
321 866214800
322 847817000
323 829459600
324 754434500
325 815772100
326 768752100
327 826435900
328 878868600
329 834011300
330 852902000
331 780340200
332 757997000
333 951038400
334 838411100
335 815540700
336 750087200
337 738959100
338 826552400
339 827007100
340 746283300
341 816877800
342 842643900
343 778387100
344 795600500
345 818693100
346 806664700
347 829035200
348 778915000
349 748005300
350 796825300
351 835782900
352 823017900
353 897128100
354 751096600
355 753749800
356 814797900
357 881361800
358 826124100
359 790144400
360 842609300
361 885636900
362 740975500
363 754627600
364 765534700
365 807591000
366 736624600
367 804643900
368 825508800
369 774060900
370 721193500
371 836281800
372 863594500
373 876740100
374 838940700
375 832872600
376 775500500
377 824987200
378 882383100
379 912771900
380 756337000
381 774810300
382 819524700
383 775733200
384 779875000
385 860752500
386 820207300
387 770329200
388 733230400
389 895006800
390 753996300
391 809973600
392 815703900
393 730733300
394 943399000
395 822642300
396 783648600
397 762174900
398 807462900
399 852409400
400 849710400
401 763161400
402 763944700
403 813605800
404 821122500
405 826756500
406 797942700
407 841039900
408 792713300
409 758732800
410 741162200
411 774676100
412 760220200
413 859944800
414 835214500
415 854977100
416 800833000
417 788352400
418 838078400
419 773567200
420 857312400
421 849425200
422 768482300
423 829195200
424 799924900
425 931956300
426 805255300
427 788272100
428 787162200
429 721425200
430 853497900
431 714000
432 753211300
433 938207500
434 813457100
435 495900
436 816089100
437 743676600
438 771112000
439 828524900
440 777703600
441 799468300
442 836357200
443 836839600
444 816721400
445 862673900
446 738914900
447 771384000
448 853674800
449 757684000
450 803564300
451 846874600
452 872971400
453 824771200
454 728608100
455 846005500
456 753412400
457 931249000
458 169100
459 737860200
460 781179100
461 792868900
462 874365000
463 741585100
464 756807100
465 837321800
466 788758200
467 862865600
468 834057400
469 892684400
470 794760800
471 874720000
472 808234000
473 854793200
474 859966700
475 821299300
476 754305800
477 778069800
478 914660600
479 858775400
480 814943400
481 747790300
482 861767100
483 825279000
484 912400200
485 901056200
486 842810100
487 842498100
488 727908000
489 843984300
490 749171100
491 859300900
492 729600100
493 824697900
494 765258700
495 827111400
496 765021800
497 786276800
498 787305600
499 786676900
500 892860300
501 731058300
502 828093300
503 858251700
504 808547000
505 830061700
506 820945200
507 736757900
508 864365600
509 716585700
510 754594200
511 870336200
512 721712500
513 791634400
514 800584300
515 818650700
516 807224700
517 798632900
518 848120500
519 882194400
520 808149600
521 836669600
522 853392200
523 340800
524 799291900
525 744533900
526 820724300
527 789535200
528 822618400
529 896100
530 802035100
531 843458400
532 800672700
533 826831400
534 802416600
535 773040600
536 842383500
537 766059000
538 883721500
539 827188200
540 790325200
541 886214100
542 853583100
543 808935600
544 818142700
545 830458700
546 787344600
547 755246200
548 862372100
549 773300900
550 787694100
551 853749400
552 791984200
553 893322700
554 825816200
555 823165000
556 825648100
557 743253500
558 867349800
559 833808200
560 802174000
561 828797700
562 740986200
563 815107200
564 867714500
565 820970800
566 855551100
567 737473800
568 799001600
569 864142500
570 732983900
571 745644800
572 848037500
573 787132800
574 840991400
575 858276500
576 848737600
577 749207900
578 768596400
579 867177400
580 862851800
581 853879400
582 819323700
583 740774100
584 883854000
585 850708000
586 850346200
587 843699800
588 853700400
589 814095600
590 795647400
591 881997700
592 784835300
593 751424700
594 834504400
595 865341700
596 818102400
597 639400
598 857231200
599 804821100
600 743331100
601 925085900
602 750139300
603 802870000
604 793748000
605 772535700
606 811332800
607 768843200
608 822816100
609 820937900
610 714438800
611 744822600
612 810225200
613 843917300
614 734021700
615 873792000
616 92100
617 836952000
618 753807500
619 789176500
620 819116600
621 777732100
622 859145600
623 868818800
624 783850400
625 764235700
626 728041900
627 743882500
628 813434100
629 775992000
630 746685200
631 879516100
632 738120600
633 830360300
634 858137900
635 869159800
636 818390800
637 814576100
638 829627800
639 789718000
640 786189800
641 764139800
642 775473400
643 765847900
644 826203200
645 753130100
646 805756600
647 873307600
648 1072500
649 770043200
650 895610300
651 810677000
652 788905100
653 827751300
654 769027700
655 839405700
656 799406300
657 809744800
658 742765700
659 813538800
660 813132900
661 776694800
662 840825600
663 860147600
664 738117100
665 859320000
666 851811500
667 901439200
668 759438900
669 838044400
670 735366000
671 793444900
672 745120600
673 828461300
674 764393100
675 817608700
676 782422600
677 873251300
678 735725800
679 776270800
680 823179300
681 814589800
682 730773600
683 848047300
684 862597900
685 860950800
686 800366700
687 823059600
688 715575100
689 849191400
690 913149900
691 796236700
692 833035200
693 803573900
694 771559400
695 861608700
696 861101000
697 737999200
698 729231700
699 855865600
700 851123400
701 741090400
702 800308400
703 816578300
704 872150800
705 894309600
706 811556500
707 741262600
708 746520500
709 737477700
710 869703500
711 858446200
712 834911500
713 833844400
714 842711000
715 832791000
716 750257300
717 810928700
718 828743200
719 890225600
720 722923900
721 764691400
722 805031800
723 785876000
724 398300
725 820846300
726 814851800
727 805375100
728 804616000
729 727377600
730 817462900
731 810871200
732 808577000
733 784064200
734 808483200
735 774810200
736 740954400
737 788383700
738 801243300
739 776248900
740 867536700
741 836102000
742 879412300
743 751246800
744 807330600
745 77500
746 866460800
747 854123100
748 914830100
749 750868900
750 801039700
751 757231300
752 733660400
753 770336200
754 849179400
755 784843400
756 724413600
757 799429800
758 857415500
759 875304900
760 781968900
761 789471600
762 724547600
763 766070400
764 769971900
765 874308100
766 767982800
767 728549600
768 778524900
769 786977300
770 828501400
771 876673700
772 244200
773 855963400
774 795913300
775 881481100
776 741892700
777 750946500
778 781789900
779 772674700
780 553500
781 725389000
782 877868100
783 819471200
784 912871000
785 815464500
786 727226000
787 804489600
788 755776100
789 750937200
790 759842400
791 784546400
792 763273300
793 862351800
794 926200
795 753587100
796 893249900
797 830583500
798 798149600
799 815674200
800 882714000
801 771434800
802 817877500
803 883143100
804 797649500
805 727702100
806 797718600
807 751576700
808 873114700
809 738328300
810 852226100
811 866006300
812 876745100
813 854618400
814 816973600
815 813923600
816 798361700
817 848464100
818 753693700
819 789100500
820 793137800
821 778059100
822 725171700
823 760663400
824 756794800
825 805508400
826 768958800
827 742962200
828 873199700
829 818755500
830 864175600
831 754658300
832 836929500
833 829289800
834 821679100
835 750666100
836 858908400
837 831471100
838 878843800
839 815271700
840 861996600
841 740504900
842 880555300
843 778327500
844 772261800
845 813798300
846 811199100
847 823035700
848 842499000
849 731291400
850 784808100
851 751770800
852 833213900
853 793819300
854 766945200
855 756777100
856 728929000
857 820199200
858 729160500
859 863338700
860 851796800
861 753084700
862 813618200
863 725629000
864 737114700
865 901242300
866 860003500
867 765830600
868 1184000
869 889896900
870 794014000
871 733870400
872 866684900
873 791737100
874 843580500
875 835407600
876 836188100
877 803211400
878 844655800
879 741078000
880 717784900
881 785771600
882 719285500
883 766988300
884 859372900
885 766293700
886 831367300
887 725402500
888 776370600
889 841111900
890 858400900
891 831321700
892 825708500
893 771351400
894 752298300
895 966223700
896 728337200
897 852873500
898 790635000
899 807543800
900 831237100
901 819060800
902 838479100
903 877499700
904 791830300
905 785177200
906 864451300
907 793756400
908 807636000
909 796925700
910 827289500
911 804166400
912 849078400
913 811994400
914 894189400
915 864725000
916 796495900
917 875445000
918 820660600
919 780964000
920 840494000
921 853900300
922 822729900
923 802561000
924 810485100
925 796196100
926 776431500
927 788052600
928 772054700
929 749078000
930 858681400
931 844078000
932 823227400
933 842168300
934 742181500
935 814799200
936 837260800
937 836778300
938 722991100
939 851443800
940 728523900
941 779050800
942 856835300
943 818176600
944 723789900
945 728398000
946 752748500
947 762741000
948 728032100
949 784255900
950 845594900
951 838251300
952 879609800
953 782165700
954 833849500
955 795131300
956 785450000
957 845582700
958 742039200
959 798700100
960 876625300
961 754747900
962 792884000
963 765790700
964 763620600
965 754588700
966 769815500
967 787841400
968 896646000
969 843978600
970 780320900
971 829586900
972 783297700
973 746058700
974 778871500
975 833081400
976 816976200
977 948594300
978 858745700
979 809318900
980 776893700
981 881919500
982 758557200
983 743680100
984 1353500
985 826671700
986 806266700
987 413300
988 847522300
989 810673100
990 733149900
991 849318200
992 876140900
993 810703800
994 843746800
995 893952900
996 797255900
997 842328300
998 882165500
999 872514400
1000 837666200
1001 771047300
1002 730234100
1003 725756900
1004 861642300
1005 797939700
1006 826194300
1007 843417600
1008 757216800
1009 747961300
1010 906666700
1011 837164900
1012 819019800
1013 738929300
1014 804685700
1015 862092800
1016 735338100
1017 809544100
1018 840013500
1019 805192800
1020 824715500
1021 757176300
1022 884709100
1023 871931200
1024 827716700
1025 720102200
1026 829229400
1027 856509200
1028 803515500
1029 876482200
1030 758675500
1031 884743200
1032 764652500
1033 827276700
1034 799324200
1035 769211700
1036 780569500
1037 765072900
1038 832255900
1039 803782500
1040 832605700
1041 721136400
1042 814590200
1043 823356300
1044 736107300
1045 785040000
1046 766872000
1047 751519400
1048 814147500
1049 877530800
1050 866350600
1051 839359900
1052 843607400
1053 837434400
1054 814689400
1055 770271900
1056 875167900
1057 828703300
1058 740501400
1059 878407700
1060 825215400
1061 834010000
1062 732375200
1063 910226200
1064 737995400
1065 743272000
1066 914649000
1067 821113300
1068 739252700
1069 726136200
1070 873761200
1071 871280000
1072 829263700
1073 834013200
1074 772407900
1075 726398200
1076 726457100
1077 772403700
1078 733668500
1079 752975600
1080 841667000
1081 774626300
1082 873662000
1083 907509600
1084 789296700
1085 808892800
1086 775689200
1087 818057100
1088 760577800
1089 908972400
1090 803084500
1091 870911200
1092 822559600
1093 742355800
1094 746636900
1095 792181800
1096 832629900
1097 822988000
1098 850972200
1099 764672600
1100 959109600
1101 760601300
1102 863338300
1103 718395800
1104 783568100
1105 743646700
1106 858568300
1107 794681300
1108 828486300
1109 878336500
1110 908464900
1111 776662900
1112 811707100
1113 741794600
1114 743771000
1115 736425400
1116 878577500
1117 810437700
1118 817696700
1119 815005600
1120 951561500
1121 820295000
1122 771290900
1123 773514500
1124 798552300
1125 845333300
1126 792376200
1127 771894800
1128 833091500
1129 874692100
1130 827012600
1131 804408400
1132 822868800
1133 801530000
1134 800618300
1135 803391500
1136 804601900
1137 830591500
1138 750634200
1139 873214000
1140 915039800
1141 773342900
1142 750410300
1143 769711200
1144 758416800
1145 724262600
1146 800386400
1147 744904300
1148 771500
1149 837037100
1150 724609000
1151 778724000
1152 720433000
1153 793908500
1154 837219800
1155 846797500
1156 827682600
1157 747026700
1158 811994100
1159 843500000
1160 740717700
1161 843765500
1162 919110500
1163 805850500
1164 852318200
1165 773501700
1166 838129500
1167 835257300
1168 814128200
1169 844003000
1170 96900
1171 738929400
1172 804358000
1173 747473400
1174 861848000
1175 737202700
1176 827736600
1177 820902400
1178 874503400
1179 740184800
1180 867760300
1181 888121500
1182 800202100
1183 927714300
1184 885344100
1185 838506100
1186 822101200
1187 1048200
1188 835451200
1189 820019000
1190 798845600
1191 767079500
1192 726406900
1193 739763100
1194 831910000
1195 794542600
1196 877838100
1197 846506600
1198 806370000
1199 824315800
1200 812019600
1201 789194200
1202 749396100
1203 854680400
1204 833483300
1205 840564400
1206 744436600
1207 867054800
1208 820664000
1209 810963500
1210 858130300
1211 837421400
1212 766197000
1213 795122000
1214 802054100
1215 878771700
1216 852463400
1217 781872000
1218 865560000
1219 756155900
1220 736190500
1221 779077300
1222 880989200
1223 719231500
1224 968360600
1225 844778500
1226 758626600
1227 828378300
1228 853267700
1229 821911400
1230 776878300
1231 806970100
1232 867466500
1233 769961100
1234 814658100
1235 865505200
1236 818118200
1237 811214800
1238 789946600
1239 886401000
1240 770352200
1241 772012800
1242 352400
1243 809492700
1244 723862600
1245 872764900
1246 865718100
1247 874721900
1248 803036800
1249 755784900
1250 744431400
1251 795438900
1252 913359200
1253 841072900
1254 779726400
1255 747902100
1256 862476200
1257 835764900
1258 836425700
1259 775536000
1260 767864300
1261 852069000
1262 766768800
1263 749075500
1264 885803200
1265 894318300
1266 917089600
1267 843836900
1268 767165600
1269 803629900
1270 835870800
1271 811016100
1272 789538400
1273 891394700
1274 757309300
1275 797835800
1276 859163500
1277 884450900
1278 728326200
1279 805684200
1280 965299400
1281 725622200
1282 781712200
1283 878950200
1284 820343300
1285 849827700
1286 741326900
1287 865827700
1288 836322700
1289 832825800
1290 823919400
1291 752026000
1292 845478900
1293 840157400
1294 785884100
1295 739920500
1296 818111100
1297 773689300
1298 867350600
1299 815100500
1300 865112000
1301 843998600
1302 791968800
1303 1100620900
1304 1142586200
1305 1183441500
1306 1171133300
1307 1124250500
1308 1023170000
1309 1073557800
1310 1199881000
1311 1001967100
1312 950067500
1313 873729100
1314 747341400
1315 841316600
1316 857609500
1317 868787700
1318 798732200
1319 757120600
1320 813655800
1321 848637100
1322 761293500
1323 810380500
1324 40600
1325 823112400
1326 740527600
1327 872833500
1328 823682700
1329 831247300
1330 821729500
1331 853766700
1332 853129800
1333 842590300
1334 726924900
1335 844136500
1336 760814400
1337 736973100
1338 764045500
1339 728738400
1340 813968100
1341 795903400
1342 806023600
1343 738369700
1344 756498500
1345 818243700
1346 797703200
1347 788814800
1348 851541400
1349 738133600
1350 744688800
1351 736467600
1352 830253600
1353 789404300
1354 833219200
1355 792443200
1356 830526200
1357 855694400
1358 837697800
1359 721054900
1360 857989600
1361 757891800
1362 807554900
1363 931151700
1364 835610700
1365 859293500
1366 1114900
1367 855895000
1368 743402200
1369 776474300
1370 818205800
1371 849868100
1372 803704500
1373 765492500
1374 836883000
1375 890155100
1376 740951200
1377 766862600
1378 875400400
1379 883455100
1380 790241300
1381 877610500
1382 812200100
1383 755523000
1384 822315800
1385 772919200
1386 827115500
1387 803940000
1388 812232700
1389 800437400
1390 725487600
1391 798685900
1392 760248100
1393 811201900
1394 819898900
1395 793968500
1396 732104500
1397 756950300
1398 708200
1399 853526000
1400 799324800
1401 803931800
1402 816123100
1403 728374900
1404 840964600
1405 768238700
1406 749184200
1407 861375400
1408 810927100
1409 805851600
1410 834418100
1411 842123400
1412 785912300
1413 837978100
1414 749054200
1415 857871500
1416 733995200
1417 780931100
1418 782052000
1419 827896600
1420 885060000
1421 739702900
1422 813214200
1423 809676900
1424 897626200
1425 729776600
1426 972885700
1427 784640700
1428 825378100
1429 836702100
1430 713797000
1431 855289500
1432 801458200
1433 840546400
1434 907035500
1435 749220200
1436 851813000
1437 744026000
1438 848074400
1439 858942100
1440 835106300
1441 819295200
1442 838475800
1443 830912700
1444 852393600
1445 888140000
1446 854131200
1447 1012100
1448 760645600
1449 764898600
1450 767218900
1451 717490200
1452 837553100
1453 808783300
1454 867106800
1455 809882900
1456 823917000
1457 800004700
1458 872682800
1459 805471000
1460 869894600
1461 942384200
1462 844571900
1463 819873100
1464 788153900
1465 916452200
1466 904395200
1467 834454400
1468 862388500
1469 779350800
1470 716755900
1471 717669600
1472 757009300
1473 843236700
1474 730224300
1475 828218100
1476 775395900
1477 871297700
1478 795564700
1479 787411000
1480 753721500
1481 847308600
1482 881468600
1483 775209000
1484 747030700
1485 855373900
1486 847109300
1487 810466600
1488 826222900
1489 805919200
1490 847768600
1491 817386100
1492 775573200
1493 807806000
1494 770553700
1495 886708500
1496 796673200
1497 874968300
1498 810114000
1499 875872700
1500 890707200
1501 793238000
1502 863163000
1503 833625100
1504 810560200
1505 790646300
1506 860221800
1507 1120500
1508 855036800
1509 869473700
1510 853782400
1511 805235500
1512 793649900
1513 817300000
1514 725216600
1515 849128500
1516 725605100
1517 851057900
1518 827357900
1519 730872100
1520 802989900
1521 899686000
1522 768712600
1523 748779300
1524 792983100
1525 795897400
1526 769043600
1527 858019100
1528 973553400
1529 789435700
1530 747213800
1531 830535400
1532 831384400
1533 790473800
1534 741781500
1535 847958200
1536 741348600
1537 746215500
1538 791273700
1539 739844100
1540 773754400
1541 800217000
1542 876182700
1543 860842300
1544 801590500
1545 904904200
1546 806803400
1547 856030000
1548 772354200
1549 867223000
1550 851405500
1551 799219100
1552 785451200
1553 736067600
1554 785264300
1555 738337400
1556 768194900
1557 859464200
1558 800943100
1559 869356000
1560 742350800
1561 749741100
1562 786458300
1563 777943700
1564 836478900
1565 813657100
1566 808996000
1567 818067300
1568 805142400
1569 808145300
1570 785883800
1571 854346000
1572 813414000
1573 847613300
1574 844641700
1575 862955400
1576 830076400
1577 896461900
1578 856131500
1579 855319900
1580 804890100
1581 758487400
1582 829225400
1583 819624500
1584 840782700
1585 823714200
1586 835575600
1587 764782100
1588 891712900
1589 807471600
1590 832040800
1591 843545300
1592 728406900
1593 835378800
1594 792360700
1595 807836000
1596 839182400
1597 827577200
1598 764371100
1599 746161000
1600 749012300
1601 847017200
1602 862802700
1603 758708300
1604 856216200
1605 865289700
1606 784554900
1607 807288600
1608 866041500
1609 899933300
1610 769730600
1611 854875900
1612 777114500
1613 820128800
1614 851509900
1615 792072000
1616 737788100
1617 854237400
1618 848347200
1619 838816900
1620 810992300
1621 845329900
1622 873346600
1623 842677400
1624 884059900
1625 846745000
1626 846777700
1627 792533500
1628 830491000
1629 889544000
1630 895539400
1631 843875900
1632 863227700
1633 840258000
1634 752857900
1635 747921600
1636 779215800
1637 727917400
1638 858068800
1639 870288500
1640 751223400
1641 747221900
1642 836809900
1643 804163500
1644 754922400
1645 748095300
1646 724676700
1647 781318900
1648 781364400
1649 800220000
1650 818246600
1651 781683100
1652 810668300
1653 921793600
1654 859133700
1655 863733300
1656 790694200
1657 816539300
1658 813495600
1659 776137600
1660 864214800
1661 785860000
1662 825535800
1663 766218900
