0 123129.04098082597
1 119964.33388619685
2 125081.5359744497
3 150463.7872319059
4 132048.44808830568
5 125155.33368433634
6 124582.94649372743
7 128889.62263940368
8 125475.3185332425
9 136253.07569365264
10 122121.53011339375
11 128882.41017961796
12 137485.44832388332
13 128493.32539807646
14 128020.67236995204
15 132509.8395593744
16 137834.82361714198
17 140443.59970687682
18 130667.69944949678
19 152664.63958999407
20 126287.0653693649
21 146973.87789928995
22 137124.7330749255
23 121094.79663266162
24 147367.92528024223
25 141674.08236772625
26 134854.72101461177
27 125740.26107922859
28 129482.87807521563
29 137462.88365670847
30 122775.26816809645
31 130481.37110752874
32 140099.06264633458
33 126386.17765930315
34 126550.32590997953
35 133029.8339228036
36 125724.19324578605
37 139107.13381649432
38 125454.5067565124
39 124978.52478844699
40 147027.2125081025
41 124587.11502516431
42 148029.84398336257
43 136720.68384350018
44 123823.98291516778
45 123424.3906951225
46 140800.64251124152
47 123371.25406783693
48 127043.3898589006
49 129698.80857739598
50 136983.16313614039
51 122230.28625946278
52 145208.12985802407
53 129135.18387945695
54 128756.98392305944
55 140322.8827529505
56 137512.1526226536
57 122123.964954656
58 126465.25564713296
59 123487.86610311759
60 124601.25002007674
61 128679.54911529779
62 140045.6797755934
63 125404.21266141806
64 143248.66202238324
65 127001.09183421047
66 128248.72252819744
67 137268.49235599872
68 127364.6627310395
69 127279.29583056239
70 136031.7847214446
71 137049.9347392373
72 122219.04006309978
73 129563.24157530376
74 125346.06019574958
75 139715.64054666986
76 121179.14305958543
77 121990.88681750497
78 128796.43858425238
79 135142.15910148586
80 124953.42378931452
81 140436.01876995125
82 133434.77932851607
83 123448.15719419956
84 135525.85159866788
85 135191.43102811964
86 137344.556220419
87 129657.61280220411
88 122267.7564831995
89 124369.2445586115
90 131240.96344032406
91 130462.31130206572
92 131065.51014602273
93 145095.3409919165
94 149267.37289988497
95 129726.60700233198
96 135589.65279304262
97 132246.67193894074
98 137945.0264876612
99 143097.92604919942
100 134789.5893365339
101 124852.06923396513
102 132116.07862127552
103 131380.472580761
104 132890.87400866862
105 125052.95128706869
106 124198.03195997387
107 129473.22542173856
108 126416.82677079736
109 140422.24272996307
110 134713.43574083902
111 132915.2866721266
112 123927.19080431997
113 126792.51716355077
114 136864.63834065443
115 132619.4752291703
116 123731.93977910955
117 124944.0729701848
118 123804.29298296686
119 135274.73890306428
120 134903.17530306336
121 134809.8174281332
122 126981.7674760539
123 124648.26555349138
124 130174.37142709855
125 135084.14538179163
126 131065.21299602305
127 122796.16290300436
128 126343.8840203954
129 138137.58843758338
130 123884.29801547505
131 141349.4218505791
132 127705.3409495369
133 130163.30140399047
134 134142.52755251146
135 130910.96647013104
136 121420.52042876632
137 123364.23416515243
138 122130.4851810561
139 132335.10698635085
140 128165.86067547757
141 132183.02286993936
142 130338.79352806075
143 124435.56925751446
144 133463.1897176328
145 122474.7762985088
146 122731.30411503473
147 130238.2433260213
148 127671.5498386734
149 139723.2466684733
150 125649.71118345289
151 140370.23823863466
152 132578.80646453326
153 137086.2288308133
154 124102.05277218633
155 130265.20233344015
156 134372.49567127874
157 126358.40994345109
158 124162.08777568355
159 140450.18065950726
160 124235.20542771778
161 127412.81927849811
162 139981.05418493197
163 123376.36349260813
164 134504.54422037714
165 124512.82484842002
166 124900.66785115439
167 128671.09920715672
168 131537.1550559028
169 127956.28292145744
170 128534.0084883714
171 125490.80009217781
172 123607.4968440978
173 147387.7714846803
174 138146.81730166898
175 141027.5770926899
176 129881.75756808567
177 127630.70116988858
178 135983.01982255056
179 127007.32026877224
180 137089.44752563915
181 128691.73177104161
182 130839.79281638828
183 126508.41882111896
184 126692.70813316254
185 140575.33620910437
186 132857.12204625254
187 130345.29989330351
188 146659.80442756123
189 130220.7105238421
190 144200.06283007143
191 136285.69946447146
192 127201.5297991248
193 124325.32472500377
194 124370.3907607508
195 134628.08941539619
196 126384.81544516054
197 124299.79122637575
198 124125.11114149612
199 125226.51758835082
200 129871.94479947972
201 125477.09665705924
202 132668.6113862055
203 124631.59716238298
204 124147.58540325536
205 133233.89386064062
206 128517.33786729522
207 123151.98008581037
208 135895.92218844563
209 123532.01393905858
210 124166.4210948435
211 144882.4383953735
212 135340.27737134017
213 127890.46050645495
214 147028.41915626742
215 126894.4312122198
216 135619.7604893352
217 138179.49712976397
218 130979.35493279841
219 123038.57095772446
220 119979.0267039809
221 126484.89636767603
222 120448.48102630365
223 147523.01767927263
224 132473.3966881299
225 126729.18255519248
226 125821.35139114501
227 134004.83340440274
228 141398.09857188686
229 123960.95036544993
230 138847.43719134486
231 126919.25502301542
232 121067.55609138985
233 121443.35715933137
234 139567.7085402016
235 121746.43151007037
236 123810.10577825854
237 143938.64866257476
238 138731.34352258447
239 126876.72121904428
240 132460.21732658954
241 127430.92092656482
242 140121.02340219883
243 131431.0513180569
244 153483.23916488278
245 128184.98921250172
246 124526.96736647544
247 129604.91011713259
248 128193.25745034947
249 133699.90808437156
250 125049.85612911891
251 137143.60724964188
252 127522.0398337132
253 133647.67040204938
254 151395.11719116443
255 140356.14688530567
256 115645.28433595983
257 133536.91711595297
258 126392.95910300742
259 122126.77287466831
260 141405.78815485552
261 132837.552276708
262 128960.25786273317
263 123347.70281944734
264 136376.96965323848
265 127318.25182460107
266 129640.43953576266
267 131685.73613809427
268 127257.06951033222
269 127235.57139792279
270 124125.88748560846
271 135407.56583194324
272 123624.16334211142
273 126151.97021119339
274 124407.09027686165
275 131195.02442260284
276 123601.1558163921
277 140076.64680282804
278 132371.2223139925
279 125254.71468136537
280 147680.0033219877
281 123346.72323053765
282 143480.41801809726
283 144345.55053683664
284 121032.29780887245
285 123703.4685772095
286 138619.97385242075
287 124093.26236992117
288 129852.96848464763
289 139350.15283985363
290 134919.04062987422
291 138101.6239727474
292 123251.33530528426
293 120905.6726397489
294 126488.29420346644
295 126859.0092975304
296 136074.11603263914
297 129619.3672693964
298 120124.9245766122
299 129512.74612609067
300 131399.070595521
301 133641.4621085577
302 144383.48947475193
303 124701.88193837853
304 124322.5355715418
305 129907.1885828435
306 128891.06084063453
307 126205.57459425207
308 131915.49532464906
309 128594.68514090242
310 144080.79465316457
311 140317.52110252628
312 131785.78860599556
313 126802.67999125393
314 144625.58515616303
315 124286.71978732273
316 128128.96903327388
317 132132.2684194086
318 131358.95027648425
319 125400.09841496003
320 124846.66421776675
321 130576.28167212044
322 136740.71912556537
323 125559.7197313873
324 128748.01137939263
325 129631.59596311692
326 124783.06809962032
327 128952.90959488461
328 150949.29731385398
329 126310.90818117867
330 125796.67947962167
331 139057.01847019352
332 124131.59693563479
333 126109.16804362537
334 132833.62074319166
335 126261.82242262972
336 126381.39100204149
337 141155.0492051159
338 133917.76391578626
339 125626.08917721878
340 125428.46892623171
341 128226.4109979881
342 136079.08578590336
343 122610.87875160806
344 124653.78107056767
345 136292.40778644444
346 134293.9655535195
347 124501.89913701822
348 129704.26132137852
349 131037.18291260769
350 146165.99672353387
351 130988.71072332138
352 137985.54549798358
353 130058.20788915236
354 126615.35468801096
355 156260.34487877676
356 132803.36333831496
357 124222.9772316548
358 133827.38844639616
359 131378.21946453038
360 149374.89200061598
361 129212.19490310203
362 139552.61730001905
363 128418.5500682514
364 131894.11408875513
365 146176.6449073115
366 140987.93735057657
367 143743.8045381791
368 143968.90028090356
369 138800.08156792447
370 130743.69594811999
371 132954.10373293151
372 150761.9623113973
373 126404.50386174687
374 122427.00370360017
375 133519.50633051156
376 145767.6105572576
377 132728.6236535307
378 129432.57920534587
379 123043.73674836043
380 146155.12294681076
381 134049.9596157161
382 130510.762613274
383 147370.18863544488
384 151722.97915837768
385 126775.84044562781
386 138184.46904491392
387 133736.21692737236
388 130689.87122298159
389 131615.65073075207
390 147785.79079625488
391 140379.42044318095
392 144558.99873140643
393 123749.6958343788
394 126267.74203625151
395 146771.79243937464
396 124305.57063140173
397 125016.84152692501
398 147807.79302528614
399 130800.3695073655
400 126621.66250118268
401 145390.09755653772
402 123364.70897311639
403 149772.57021687637
404 145352.52124208774
405 150564.31406447836
406 130508.27737882361
407 151827.4795461692
408 123989.70426720176
409 131490.67351108592
410 139934.75398824908
411 138785.20004821094
412 124676.1295828979
413 125725.6693952411
414 125303.1967217491
415 135208.8819836179
416 134878.61879307416
417 126873.16023067539
418 122120.77116923792
419 131118.08090791502
420 134730.02401900262
421 121687.37809682354
422 131890.83745214436
423 142746.03826771697
424 128211.96395395216
425 136533.85179454985
426 128490.1563769233
427 123795.45139595104
428 120878.9797199071
429 131770.33695502407
430 131339.71700303754
431 127378.65093265007
432 125891.35273224868
433 122620.75579585394
434 140088.87124695565
435 140901.2005040802
436 130566.60720382193
437 134381.05698555903
438 124837.03380588323
439 127600.74838587925
440 142860.35192828462
441 124512.80196023239
442 142605.710313994
443 135475.4345972245
444 124429.0494829443
445 140678.37721700585
446 138560.2018250294
447 133329.60774886102
448 150111.2465756026
449 123728.75828142054
450 125874.68090200589
451 128160.87520629694
452 136462.1758611154
453 125671.23479188359
454 126161.52259682743
455 123455.82199773048
456 140660.39157554446
457 140390.05957498009
458 124481.0001139085
459 125513.15049016524
460 126457.47820081055
461 131131.3585453315
462 142041.64255785066
463 122560.8966003667
464 126080.79238226275
465 129273.27735344775
466 132182.93375889122
467 129347.87187483467
468 122359.35752931346
469 128682.93242733405
470 133409.39327530333
471 128111.08623791306
472 132191.64213348133
473 136337.2655824173
474 125180.06535802259
475 134583.72303672673
476 131284.47536140637
477 120700.36273009158
478 131847.4250456909
479 129830.5086539191
480 129211.86909511877
481 136964.6402859535
482 121053.85595473298
483 129064.34505274669
484 134920.67629558398
485 130569.35180408477
486 129246.05592692876
487 123992.07359202506
488 124662.41688388391
489 133130.56627537764
490 131471.468370519
491 122999.91133554268
492 124402.15554173038
493 129245.9723055263
494 136386.19930158518
495 131510.95766311418
496 131900.90761393364
497 127200.02521524664
498 124275.77303701919
499 128299.47596992922
500 125116.3500395656
501 147817.4242795536
502 131404.23375496702
503 126298.2074499395
504 121048.22200362473
505 134119.5424277106
506 143808.74415751782
507 124890.66350810592
508 121144.91164507142
509 146034.85326976102
510 130172.82974321528
511 131047.21030666218
512 128845.59810026221
513 124806.72093102238
514 139325.5894216822
515 143751.98245139775
516 132714.7528164689
517 134026.21910082997
518 142576.5709125787
519 141510.69082279355
520 123201.36506137885
521 139883.66755147144
522 149720.88869768105
523 134979.26877702266
524 138390.66293647507
525 128533.22843388966
526 140368.63398658094
527 124525.06494981832
528 139895.95110815333
529 133267.25289423778
530 125850.95381920088
531 147755.64370759958
532 135921.0541206621
533 128500.3427644271
534 136870.9739420848
535 135455.98067225498
536 140077.0156455661
537 128673.61450106457
538 141546.59228934092
539 140352.38357481133
540 138585.86430119822
541 142762.72095461152
542 125591.56771611916
543 123353.72551684942
544 124407.37489485953
545 127109.21017540076
546 131749.8515018291
547 128193.60725158466
548 145124.20107384288
549 136417.72007223396
550 138097.0768214859
551 121794.96259508049
552 120027.41230833033
553 130989.80465251167
554 126107.1337610865
555 146804.35905677432
556 135916.49790989739
557 132016.08362504258
558 130742.41550235394
559 131949.69801693188
560 141999.84485427372
561 137541.13102365445
562 132481.74380535586
563 133504.37967052357
564 127735.13695506696
565 129217.79557687431
566 152021.15450466904
567 147317.73829520264
568 131521.24742927184
569 122058.17618146286
570 124790.8171483409
571 138447.5616687704
572 125747.00879306649
573 147586.13451378228
574 133697.58002062098
575 124556.48664285052
576 122956.07901794743
577 119801.06903542341
578 133073.1715620943
579 130901.60827940753
580 142883.6518940193
581 143720.89170441238
582 123284.22361467058
583 141867.29078418802
584 145355.37714749738
585 134149.68248628528
586 159497.78248410518
587 122363.05415361158
588 138021.4578510015
589 137466.65494714354
590 131555.7427980966
591 124780.54575148325
592 122439.97089014997
593 131252.45960213087
594 125128.21084560192
595 127824.60853051292
596 133523.3563731177
597 123176.35016011201
598 124846.53899454922
599 140961.58120994226
600 133657.57067261825
601 123575.94359317499
602 136322.80270258844
603 133804.7240086501
604 150715.1513427813
605 149572.48679101793
606 126502.92677225266
607 136457.30180170207
608 139463.49405097778
609 128656.93680802631
610 130114.56025004303
611 142757.57112939918
612 134064.25357158083
613 123813.81055421835
614 130432.67720790484
615 131183.73950584422
616 122370.18401014767
617 139306.93363615018
618 123055.99063891235
619 134186.24740447765
620 147418.647255479
621 124000.51212888674
622 135501.38350036746
623 135578.2160862726
624 143589.0933687625
625 135236.56419129655
626 134947.36948454415
627 120037.75164457397
628 127241.45115912509
629 142046.2168582451
630 123273.44076883775
631 138913.7157791596
632 141754.97438545743
633 124310.33139632278
634 133967.49814000525
635 159815.18356759642
636 133286.6030420491
637 136140.10855465516
638 124031.69484043069
639 127867.87150054517
640 121942.32208629188
641 125993.04503742052
642 123161.2556519374
643 120746.3570153446
644 136449.4947524934
645 139754.86267504573
646 144101.04198949883
647 136245.5527561496
648 139240.3797845224
649 136117.1363374663
650 136843.68928997513
651 134598.8409301943
652 138354.7710785644
653 126853.92530736089
654 123333.52468106644
655 125834.14286103785
656 132815.66448674284
657 128855.44937726794
658 138478.85885048914
659 122691.15930794876
660 120698.39992788575
661 125079.10246343313
662 128318.49939902296
663 140861.99771248072
664 135159.78505215017
665 130404.29962518443
666 127590.37385940744
667 134416.41684398524
668 122720.06104871584
669 135737.84079898937
670 145505.32901071303
671 124316.06297716987
672 140538.4938559725
673 125073.28811587204
674 124597.3916446886
675 127503.59859030867
676 135030.84595687743
677 125109.32056517767
678 126613.97602957346
679 132749.80570481726
680 127720.77109965535
681 123356.3765854937
682 131734.93169746958
683 131289.339230285
684 125650.26198126955
685 122546.62159398913
686 123235.65966149178
687 135555.02420577302
688 129693.2221319736
689 122136.90263757508
690 121753.84232532266
691 135898.52266498137
692 138273.11922850116
693 132655.1714873804
694 131902.3676324645
695 132530.005329512
696 128076.7347006015
697 142707.73287821806
698 132516.50223089242
699 131493.41525762426
700 133941.44583125913
701 127543.69549936074
702 127602.51507715469
703 136661.97309415843
704 137392.45242875104
705 127602.42616701317
706 139154.3310624458
707 124936.66771930314
708 125441.44632805373
709 132945.91181295595
710 120895.34538370064
711 129154.23712369562
712 123195.89138361016
713 132289.14847765397
714 130709.64117176358
715 127516.65770496834
716 136153.0061515378
717 134825.82324296754
718 134034.13520556616
719 134554.6580371134
720 123784.50810322059
721 132987.23702997147
722 137936.39277009811
723 123665.76674894216
724 123242.32360583739
725 118499.21572789698
726 151499.85584976527
727 138036.51714297038
728 140344.15470160212
729 128442.69403835708
730 123881.48476091905
731 136025.4410031622
732 126928.92906066889
733 128146.11998259978
734 130379.93687717489
735 138025.59591509198
736 139042.03796929962
737 133395.2644306365
738 127219.2037465146
739 125258.18752776692
740 125572.08707809428
741 124802.26972450552
742 125196.41566033495
743 126334.02895153924
744 138925.10997545402
745 127248.0034346663
746 122528.91854674516
747 148441.039297952
748 148419.8641069577
749 136534.597335124
750 132505.87248266916
751 129874.59821919621
752 137180.76905635148
753 128955.07610469093
754 136956.5761927439
755 124471.3389565212
756 143128.42151911472
757 135294.05930166235
758 142784.6627900672
759 145215.82905074218
760 134136.1823960921
761 126541.17273696967
762 133012.7059903222
763 129258.36560671446
764 139094.33471617338
765 142682.02860117698
766 123099.03718649466
767 130904.44756174395
768 123922.09636690057
769 128705.47738667748
770 131422.82073850348
771 148984.78435699528
772 129473.83576216169
773 128272.17115005649
774 125931.85955530526
775 132309.40872782836
776 130461.4455003198
777 131440.9614529813
778 125902.38619914738
779 129163.08855142286
780 132044.2947298227
781 123489.06583131108
782 139581.9113467285
783 147503.40156658934
784 127700.35708925255
785 125266.72601603622
786 127540.44698366847
787 124576.47238669283
788 126791.95428214308
789 127850.25220228256
790 125216.96352928998
791 126690.34922761976
792 126004.15268564856
793 127732.9002793933
794 135846.86730021756
795 132447.32568557403
796 127301.86509117624
797 124315.93847654678
798 128320.55817567579
799 131412.8480651852
800 126308.7699886226
801 125859.69831693663
802 127987.44690644964
803 128996.58661276771
804 127826.73084970402
805 130218.77054419792
806 126529.71063736395
807 144155.45714643132
808 125900.95833096014
809 130445.21042262475
810 132640.68370799744
811 136531.4786592793
812 140376.4093414846
813 136792.64870348587
814 134604.60739790887
815 136434.6308631777
816 124890.35155677404
817 139530.68316666596
818 130795.25085789134
819 125974.45832302752
820 123817.98001637503
821 130071.08592353498
822 125415.51546500913
823 127344.61287426065
824 123657.1001663477
825 129456.06614268942
826 154570.00112823737
827 134930.5536312792
828 123577.94483964742
829 135741.38130844862
830 125772.537249423
831 124595.14697937293
832 130047.35621155445
833 144079.7101673922
834 132457.99433282885
835 125804.92465064536
836 134495.43330742457
837 122826.57407751767
838 139072.39274553294
839 132527.18734334625
840 124166.96366337017
841 148209.28771566547
842 133531.8345012677
843 132080.65717723483
844 125709.87940141607
845 120420.29284755004
846 151575.67445508507
847 125003.91803854307
848 122505.24297485399
849 129769.58582870055
850 131748.5341839262
851 132183.51786874476
852 121672.59674632603
853 124536.43656037682
854 147752.18163757506
855 123248.53001671848
856 130281.31060270543
857 134841.3972968895
858 123033.88628914593
859 138703.68833573503
860 128251.29478279817
861 143107.91044554557
862 130587.08279006697
863 131122.2076555894
864 124717.79273267984
865 125488.81253450974
866 123394.4897382769
867 128346.46010663488
868 124309.67970989452
869 142007.99995596497
870 120696.57717292437
871 122975.01296386684
872 152432.4279473468
873 135464.14814683163
874 136953.68754004117
875 129092.04695145783
876 130505.52958840672
877 133250.4179746333
878 129210.77557862543
879 123184.16631559805
880 126215.50195399678
881 145625.83260933484
882 131315.4574660731
883 121825.99169401373
884 141341.25448635934
885 121850.7308288174
886 127325.84453497667
887 147244.35242356322
888 138903.00309962896
889 146166.03229936867
890 136336.3897833426
891 144972.5346428704
892 119621.30799785924
893 130178.59377392617
894 129850.49106884647
895 129423.6544735136
896 143617.92665520724
897 123244.05100372713
898 124477.06796718684
899 146235.72786341712
900 121744.13375034036
901 137157.66938453642
902 124312.68873830262
903 128346.69148896383
904 121970.30058792383
905 138112.81514288357
906 125842.33187792175
907 128507.61065375803
908 145747.2268154363
909 128242.79879012535
910 137235.29122609415
911 123844.98320177206
912 125894.61084137495
913 126913.41469701573
914 142603.2681144696
915 144617.0968060464
916 127734.06610839156
917 124334.2524577904
918 135841.2356354778
919 126993.47821222479
920 126273.06763011329
921 128194.48248142966
922 148218.69277542055
923 123517.81017097206
924 125830.89303796762
925 135220.71725609855
926 124982.7728790723
927 126394.9835177426
928 139010.5534126267
929 127366.68805764771
930 130618.24129975683
931 142281.89556504393
932 131584.97308545237
933 122602.02530227278
934 129674.51601138551
935 136186.98955502026
936 149623.6289924045
937 124487.09072042773
938 137248.05731148983
939 124348.10720750636
940 123515.26984124664
941 129523.28960764155
942 124361.01834421935
943 143626.3810861269
944 129369.58147324302
945 139851.7020300313
946 141800.10777997982
947 127809.21251770585
948 123687.93239698446
949 139592.46600276127
950 129783.51729713588
951 131059.9121145393
952 143372.63693959342
953 135774.75450987063
954 127737.462367904
955 138777.71800037328
956 124213.73662926612
957 121098.36943843815
958 127759.39276744286
959 122667.79907290547
960 132319.4738056965
961 140412.36895086165
962 131837.14369587574
963 120704.95332552983
964 125742.50467428553
965 142364.9150945366
966 126150.66683212228
967 159792.05331239657
968 122524.09038800266
969 126466.99075404907
970 144443.21822452638
971 125833.46588646492
972 128860.41103376709
973 138015.48039585052
974 130589.92980505471
975 133621.19708809862
976 123811.27702252504
977 139024.0995133133
978 122187.0605408912
979 126708.32344006804
980 122698.77979405278
981 137931.2461253589
982 128631.49055208721
983 133031.38925281237
984 123355.42094136662
985 127899.57587396562
986 130545.53244395289
987 152022.05209250358
988 134841.09255270133
989 123160.28668721695
990 146978.59395868194
991 126966.66200846848
992 130811.555384618
993 130787.59237421818
994 149664.2729593448
995 129052.21988922174
996 129976.77544394635
997 130904.45742223292
998 125085.75118282014
999 135708.46160552854
1000 134521.16616173382
1001 123049.99377252227
1002 145117.8920875692
1003 135354.67299405416
1004 121838.79107847194
1005 136130.554807289
1006 139731.6585214463
1007 140386.40638608788
1008 124873.73275545638
1009 136084.65919205392
1010 140518.79593036667
1011 132681.7992056219
1012 126678.43398553082
1013 123726.22496259838
1014 129858.32311046768
1015 129396.4289539543
1016 141409.3094262621
1017 147999.84672909026
1018 140723.09299408513
1019 135848.79011705625
1020 128949.7076375697
1021 126726.27828373508
1022 133010.17137244702
1023 123932.15557429532
1024 128083.66903959727
1025 144144.46179908892
1026 141010.11836962256
1027 136669.862054724
1028 141273.33711782648
1029 122791.6820811633
1030 139316.5794999258
1031 131856.9056315704
1032 125877.11195437053
1033 132648.75365485612
1034 128955.46212561452
1035 128504.63972709596
1036 124606.10423814679
1037 129041.82207209751
1038 118911.13737219904
1039 130326.85864027949
1040 132079.89675494505
1041 144995.9555582098
1042 125266.16437371234
1043 127384.93821903758
1044 125384.89048158088
1045 128654.3489904964
1046 123696.90425374282
1047 128264.85047249615
1048 131273.92980830476
1049 135132.2755393776
1050 123993.34426811713
1051 123459.74562054157
1052 120866.4994119968
1053 142300.40104494628
1054 126508.54242800128
1055 126079.90370812986
1056 145938.86309388702
1057 137247.54135595338
1058 125631.25470373056
1059 152611.35347677383
1060 137084.23638575035
1061 129409.31513500515
1062 136899.7185348017
1063 134477.738770648
1064 123388.37946651004
1065 129670.19039358516
1066 132226.43963483715
1067 125965.70784266658
1068 148491.1747567799
1069 128414.1930366948
1070 138987.15736618463
1071 118344.06577148993
1072 120722.20715927101
1073 127946.45340073008
1074 127510.26595576877
1075 146302.54471336
1076 136114.06046999537
1077 120111.07344933656
1078 131194.68257159623
1079 129272.19757551276
1080 124254.745091355
1081 128727.00032539312
1082 148863.5899634452
1083 135661.9435330575
1084 139363.78619313225
1085 127706.91058783987
1086 132001.3106568392
1087 123144.8379307593
1088 136570.28864341622
1089 130663.9346527959
1090 124554.99392851825
1091 134192.6654099951
1092 123604.98129792219
1093 123407.80082879032
1094 122684.90867559264
1095 132554.59567044134
1096 125055.42221752097
1097 124399.778317417
1098 129003.64712421215
1099 135238.6901315922
1100 129945.13132502162
1101 127034.2973938126
1102 145549.74777426588
1103 127534.44568578912
1104 119259.78744505101
1105 138186.4847223281
1106 123590.32904215176
1107 138600.88261882152
1108 139340.28814046172
1109 133363.3408482529
1110 127827.3544565011
1111 124190.78606501166
1112 125298.26903060815
1113 130213.55983312147
1114 123663.85118042612
1115 127545.8029814201
1116 122311.10121161643
1117 135006.80550435605
1118 140274.30995302738
1119 139858.6996364419
1120 131530.53762298365
1121 145303.45898951258
1122 127478.10420641514
1123 137936.82494891778
1124 132194.54498823656
1125 140257.169904586
1126 125115.64643803539
1127 155434.80506319655
1128 126896.34597465018
1129 128991.35317422099
1130 131873.79630081725
1131 123381.32577155366
1132 144431.51179532663
1133 139251.5306608438
1134 147390.20092501427
1135 131950.5747558262
1136 131307.1692747401
1137 125280.75919476205
1138 130340.70432762487
1139 134991.99386791032
1140 136668.99812379022
1141 124136.37692978888
1142 136111.5977347624
1143 134232.02141338628
1144 135902.67363042835
1145 138692.87125068027
1146 125699.82748455742
1147 129414.61169662175
1148 125276.34138894193
1149 146096.97129947378
1150 141442.69224199504
1151 140206.36843204038
1152 123222.94164524069
1153 124653.14321671073
1154 128755.73751909482
1155 140553.6902089575
1156 122078.74860742385
1157 125477.06885844066
1158 134600.74785852365
1159 137765.9321171185
1160 143818.14121859582
1161 123404.0258562926
1162 133210.66261760247
1163 134255.16881165517
1164 137726.2693437221
1165 143267.49577678315
1166 135114.92923389035
1167 142625.7712649427
1168 127201.19221557233
1169 123792.34605224124
1170 127006.56571111524
1171 122989.9507281605
1172 135546.67851872332
1173 136140.53216315072
1174 127332.03447986685
1175 134869.79263557045
1176 121367.0524823929
1177 137555.54196956975
1178 152457.87504046946
1179 149900.84349108452
1180 138735.6236506874
1181 125849.41096646739
1182 136157.26011412172
1183 128282.23848628029
1184 138244.784198683
1185 129433.02660167699
1186 149571.04288953965
1187 123917.7660263592
1188 120988.79670820251
1189 136393.35585817916
1190 138747.09614835645
1191 128858.36512541438
1192 125216.50418764974
1193 140769.19007267617
1194 133536.65336503607
1195 130607.47990467536
1196 124311.76630202196
1197 127797.41497733578
1198 125467.35974465635
1199 130362.01687951681
1200 129060.15950709874
1201 145446.9462788732
1202 125503.73726693107
1203 131169.45719308848
1204 129469.1369754081
1205 131012.43521163719
1206 135846.32690905925
1207 123957.10379923323
1208 133441.4091072054
1209 127840.26221326982
1210 129671.85169296853
1211 147866.9033736209
1212 120574.70537485991
1213 124342.56748284397
1214 129785.01747074134
1215 127545.7316994368
1216 149256.66894472632
1217 132652.94736247178
1218 137675.5698598165
1219 143478.02163658885
1220 126706.83266752544
1221 127822.5112658634
1222 145682.68576035468
1223 133931.42014641513
1224 122248.86728149529
1225 132521.8595667488
1226 121641.4880434093
1227 131823.2956251494
1228 137739.1628087035
1229 121271.94826802077
1230 125739.73784538945
1231 142370.80665889016
1232 142231.73925304497
1233 138317.19104390653
1234 125283.88679993778
1235 129630.8951729034
1236 132776.07605507981
1237 124506.1720139198
1238 133210.29143789766
1239 124485.24844228974
1240 125269.61273145126
1241 124726.83026498098
1242 123873.78372920894
1243 124895.82555823673
1244 142797.68708423397
1245 129262.4747843321
1246 135463.02774810264
1247 121336.17800083573
1248 124650.61128076269
1249 132130.32708926775
1250 124873.12138442977
1251 124921.59448061431
1252 136759.91608892533
1253 137779.4117249171
1254 128159.88749202833
1255 134170.76720241221
1256 127894.69743471929
1257 134127.9742874075
1258 140312.93784671786
1259 126576.5522514619
1260 123759.76731904282
1261 124582.59485316937
1262 122104.43655248321
1263 136770.6443660612
1264 133328.60248369796
1265 145466.52495252187
1266 136380.71142515415
1267 136790.3978177039
1268 140191.55592812336
1269 133159.39944118803
1270 148556.39016491311
1271 142476.90173054382
1272 122476.32328933792
1273 136740.8860290907
1274 134201.53362712468
1275 125167.20301801836
1276 144950.8881063587
1277 123603.42511965719
1278 133037.18489647054
1279 144095.03302064526
1280 137056.91502122555
1281 124254.41513287729
1282 124354.44836446834
1283 136968.7312857547
1284 129854.22013401157
1285 144086.67864725823
1286 125506.10298267512
1287 121575.95830837035
1288 160564.09550054738
1289 123123.79746271031
1290 142963.14263375293
1291 135792.21226861922
1292 133529.70251114757
1293 127559.27427120392
1294 125890.32279546752
1295 133246.12568729365
1296 135558.7935158091
1297 122052.94759251001
1298 128964.8669591851
1299 130214.21207069833
1300 138575.27475379434
1301 131946.7731418027
1302 122499.92928744805
1303 129208.26046254073
1304 124765.67238740627
1305 124846.69177079419
1306 116790.76155740737
1307 143464.94786234194
1308 129305.11336229136
1309 125214.32281766026
1310 134255.38671083495
1311 130438.29879563514
1312 136847.40672483871
1313 135245.57948669294
1314 128590.96146801129
1315 124789.29615448078
1316 130479.45564179584
1317 136290.10956149548
1318 119987.0529346135
1319 128706.02023715066
1320 125739.71868344721
1321 143598.0166903502
1322 119544.47829150622
1323 142389.41176505145
1324 130709.64001117274
1325 144086.13201261818
1326 136507.0819260805
1327 128165.11394596782
1328 144830.1276528618
1329 143539.39546141066
1330 127379.74643689083
1331 133530.49319484088
1332 136417.421574725
1333 126362.19310571105
1334 123904.567241891
1335 137884.45301385387
1336 133484.11028157952
1337 135979.72013935854
1338 129379.25927431155
1339 142619.39184711865
1340 136143.5149326806
1341 134139.24324137735
1342 124806.28137002564
1343 137707.37062110455
1344 137265.07640229224
1345 127556.85616933173
1346 130915.28510788661
1347 135620.84054989877
1348 140372.33230336205
1349 133737.3369259844
1350 123249.50666780099
1351 123830.85502198567
1352 126708.12314830761
1353 136909.30733262523
1354 150141.36081743377
1355 136082.61617928234
1356 147442.74036203662
1357 133895.32770166025
1358 142955.91194818844
1359 140464.79861042878
1360 126786.69112134974
1361 129077.29885998523
1362 120819.57225960285
1363 143359.9164169899
1364 129549.71033417524
1365 140017.3856525753
1366 122544.89003674046
1367 128322.51382573607
1368 124146.03881742459
1369 125154.31906058767
1370 141024.9476674277
1371 131898.66046596452
1372 136093.27811826594
1373 135553.45981294115
1374 127643.41171229065
1375 134887.22131133766
1376 134490.38784644983
1377 145098.70100552865
1378 128974.30838194973
1379 136777.18253631314
1380 126434.35528823867
1381 129704.18173959444
1382 130031.3245595901
1383 127088.33950445136
1384 138367.25612725498
1385 127512.25163224342
1386 126701.51079573082
1387 132300.39891011262
1388 125301.30157505677
1389 136879.23916531156
1390 145219.071550556
1391 126529.65818771935
1392 124019.5248320027
1393 136426.84301874886
1394 125643.6628638045
1395 127435.52659393102
1396 155383.42252985516
1397 125221.74707866382
1398 131924.88789663633
1399 125756.03211299883
1400 134374.50628803862
1401 138163.9087519911
1402 127292.52452626255
1403 127854.57942404966
1404 126608.57860148538
1405 121026.26575601503
1406 146672.8212620667
1407 133792.2857671587
1408 124569.14265880694
1409 132594.70654437077
1410 132869.63853557207
1411 137110.81740442125
1412 123498.27797618046
1413 141352.87129535776
1414 127922.98043691467
1415 139721.2465115859
1416 138992.82539839266
1417 127179.5040899398
1418 125654.27056181131
1419 130899.51550504404
1420 133971.17506174726
1421 126053.49487015944
1422 135265.36201836012
1423 136682.96756621014
1424 129142.27563714025
1425 129830.89067337976
1426 124810.71869617824
1427 134155.27735607952
1428 144077.1889902968
1429 137737.28512592736
1430 153404.47738277417
1431 134903.71474807383
1432 146960.8472818301
1433 128239.79918521467
1434 133280.66944929116
1435 131653.98537643865
1436 123267.17491597302
1437 137124.87325636903
1438 138984.1286681211
1439 133468.025206646
1440 126211.25007573338
1441 123233.28455930795
1442 125517.9548993078
1443 134090.62842029938
1444 126582.38427916876
1445 133212.7851515389
1446 127411.16694257951
1447 125655.73105259411
1448 145330.21551333618
1449 129905.41889984466
1450 130323.33948730267
1451 131256.94174050025
1452 131399.8657850667
1453 144900.0152474252
1454 135905.5687782865
1455 135450.9963422518
1456 130199.05719211331
1457 129088.68400278888
1458 139862.58081628833
1459 127031.6341986533
1460 131612.44903130637
1461 129472.3241903619
1462 120362.59408080728
1463 123303.95037458758
1464 128516.34080079092
1465 139795.22530344388
1466 125246.40328194093
1467 127866.09615709227
1468 124182.39390946896
1469 127061.55827301601
1470 137194.60596937133
1471 134768.63378859562
1472 132832.93804799404
1473 124757.67343239824
1474 149461.18010079098
1475 147248.36110602808
1476 119639.84346557851
1477 131463.1771179162
1478 124836.01439053136
1479 121976.00591715364
1480 137467.65871371646
1481 143488.0402746172
1482 144683.56411698015
1483 130588.01458238615
1484 130035.23401440958
1485 133214.73704310379
1486 138752.1750761217
1487 148470.9959087233
1488 121225.33309133249
1489 144314.7613375235
1490 120017.25503336862
1491 123049.90105580499
1492 136328.3815335101
1493 123725.18756322683
1494 127779.69520043145
1495 129304.68964981739
1496 124419.15661109674
1497 124696.8726680705
1498 128844.46077353334
1499 131022.81181829947
1500 125176.3671509273
1501 129600.22384155591
1502 134697.8367527999
1503 141753.4451976366
1504 141704.42598424113
1505 133378.31202375333
1506 143374.83262820225
1507 131639.875775513
1508 128815.04812287328
1509 132131.25618339685
1510 126363.26770019504
1511 125013.36752363155
1512 123877.3341201104
1513 135382.88922091512
1514 125572.71889409712
1515 124762.13165195004
1516 131576.2871547889
1517 132362.11452780213
1518 140285.4639916475
1519 149020.84095274255
1520 127112.1017843595
1521 142978.3549406096
1522 124063.72158601193
1523 124610.78099895989
1524 140213.27289696786
1525 121788.04932177442
1526 121510.30222458491
1527 125236.67472473794
1528 128529.95933513567
1529 128660.83153902112
1530 151619.01182713135
1531 138222.77490287056
1532 131998.7864149933
1533 138724.1524876322
1534 121725.28784591635
1535 144913.91695105706
1536 131541.96844281972
1537 139840.6724004628
1538 132128.47553587673
1539 130594.8191552112
1540 133684.5712642383
1541 128667.99326332014
1542 121465.41074676136
1543 144036.91350368748
1544 138664.97750447164
1545 138156.93857405262
1546 138561.60787535342
1547 125443.11878413225
1548 127587.91398681606
1549 125350.8180032527
1550 124375.35948918387
1551 136532.7916746836
1552 135930.7576007552
1553 147741.7448224573
1554 122643.28575516974
1555 121593.76431568801
1556 126620.98948913539
1557 126226.00079221309
1558 123273.79120388489
1559 122733.30623031611
1560 126289.36552910731
1561 123577.06470006538
1562 121434.23089693021
1563 122801.94076931792
1564 142306.5266651032
1565 130024.18025035383
1566 122270.00949995643
1567 123207.496642358
1568 133930.14500728363
1569 154148.57692371643
1570 131342.98652561844
1571 136720.3994800298
1572 131699.74828851531
1573 134134.64633148894
1574 125525.23846484772
1575 122779.47853942004
1576 123291.860802233
1577 126510.23431352474
1578 128368.31733401793
1579 126999.28857228247
1580 144940.96686745214
1581 121611.3250368634
1582 124299.81281795009
1583 149063.28169096506
1584 124707.88682351197
1585 123977.3506455902
1586 149048.99083192315
1587 140485.89079020373
1588 124125.65988088436
1589 137305.63528516277
1590 144811.54083278863
1591 127583.78752961403
1592 135632.36241688157
1593 137788.66395184604
1594 120365.21341201881
1595 135626.69408238828
1596 143483.95307008713
1597 126928.42805453764
1598 132984.92254685448
1599 123407.45660453201
1600 129406.53389666587
1601 130401.8682899185
1602 129032.43883649714
1603 124123.45293660142
1604 135558.4111945135
1605 124171.02211823572
1606 127192.02695916871
1607 123770.43728710216
1608 150464.59889637365
1609 131489.34364778193
1610 129873.12621282655
1611 136535.86761507188
1612 133754.59911711645
1613 147779.63195941004
1614 122242.66510149249
1615 127298.54092290682
1616 131250.14733495604
1617 144918.65521509742
1618 149390.2381592366
1619 127981.9657124313
1620 127863.78453633629
1621 126877.67953544873
1622 124932.5575522945
1623 156801.53949120504
1624 138662.08306139737
1625 126390.91124259439
1626 126587.56441252663
1627 125415.83345795088
1628 125553.30292928034
1629 131688.86876480517
1630 137624.60941697285
1631 121693.65521081684
1632 135773.81344787127
1633 118279.88065217833
1634 134371.9613682413
1635 120484.62500379524
1636 122225.09587659282
1637 157231.06908758037
1638 145023.58935254402
1639 122952.56692518538
1640 129245.17826230287
1641 130834.62945231488
1642 142267.47717918272
1643 128303.42805884882
1644 140860.98303686973
1645 135046.69226140066
1646 133290.57059055418
1647 121180.99161590412
1648 129196.14278446208
1649 136018.3774988482
1650 123377.60190148675
1651 121411.84598165227
1652 131547.22950676075
1653 136039.11879828235
1654 135359.9869806977
1655 137328.30779608447
1656 137892.38832074453
1657 119855.85645737906
1658 157435.8169598162
1659 135886.96756933592
1660 143600.79792525314
1661 127393.84061100644
1662 125795.11411000426
1663 126356.07704045327
