0 523.2082436173484
1 43.584337349397586
2 -21.1125711782742
3 -17.847025495750707
4 8.062330623306233
5 117.39992072929053
6 -15.544941380807643
7 -31.74140943506115
8 33.20281910728269
9 -6.638714185883996
10 4.323899371069182
11 0.10325245224574084
12 1.5822784810126582
13 -22.64026402640264
14 -41.85646755479158
15 50.4746835443038
16 25.975177304964536
17 15.463165572574763
18 15.88235294117647
19 -29.019292604501608
20 -9.257714762301918
21 -17.491749174917494
22 -59.84608420099593
23 -18.95482728077945
24 -29.764065335753177
25 -22.062780269058297
26 -61.67859466493169
27 -35.81213307240704
28 -42.193308550185876
29 -30.637488106565176
30 -43.859649122807014
31 -42.62295081967213
32 -49.405646359583955
33 -41.03585657370518
34 -51.4410480349345
35 -46.889952153110045
36 -35.099999999999994
37 -44.11764705882353
38 -46.312178387650086
39 -44.157002676181975
40 -45.84837545126354
41 -41.109298531810765
42 -44.00377714825307
43 -41.85149469623915
44 -39.50299914310197
45 -42.88407163053723
46 -51.684470008216934
47 -45.2621895124195
48 -44.476190476190474
49 -65.24478914202618
50 -45.36585365853659
51 -43.42963653308481
52 -45.68345323741007
53 -45.15819750719079
54 -53.16565481352992
55 -50.60869565217392
56 -50.75614366729678
57 -44.642857142857146
58 -48.24797843665768
59 -48.34008097165992
60 -93.93907672982309
61 -42.311276794035415
62 -53.771929824561404
63 -43.26833797585887
64 -57.767369242779075
65 -50.87427144046628
66 -45.06641366223909
67 -27.895266868076536
68 -22.46313963573287
69 -40.317775571002976
70 -46.08610567514677
71 -46.88128772635815
72 -45.374015748031496
73 -57.22495894909688
74 -47.62396694214876
75 -46.613545816733065
76 -51.57515751575158
77 -44.322709163346616
78 -43.13725490196079
79 -56.612903225806456
80 -41.95032198712052
81 -47.421875
82 -55.43916196615633
83 -44.509803921568626
84 -51.50250417362271
85 -54.32098765432099
86 38.34586466165413
87 34.05275779376499
88 27.35632183908046
89 42.3444976076555
90 24.065420560747665
91 68.68686868686868
92 29.314420803782504
93 79.13486005089058
94 34.78260869565217
95 46.01990049751244
96 23.47629796839729
97 46.40198511166253
98 31.313131313131315
99 54.25
100 -10.749185667752444
101 -49.78279756733276
102 -6.885245901639345
103 115.23178807947019
104 76.61016949152543
105 42.61904761904762
106 106.29139072847681
107 82.48407643312102
108 94.27609427609428
109 75.0
110 77.27272727272727
111 84.15841584158416
112 -52.64442636289667
113 27.751196172248804
114 79.3103448275862
115 75.49019607843137
116 73.98119122257053
117 90.56603773584906
118 97.09677419354838
119 96.92307692307692
120 104.05405405405406
121 80.50314465408806
122 1.0619469026548671
123 134.375
124 124.42244224422443
125 65.3012048192771
126 120.73578595317727
127 76.85185185185185
128 98.27089337175792
129 137.54045307443366
130 63.66366366366366
131 74.60815047021944
132 80.27210884353741
133 9.552845528455284
134 82.33438485804416
135 126.3157894736842
136 85.85858585858585
137 84.04255319148936
138 85.01742160278745
139 85.12110726643598
140 90.3448275862069
141 48.77450980392157
142 172.78688524590166
143 9.921259842519685
144 -46.724262059035276
145 91.75257731958763
146 74.13793103448276
147 86.95652173913044
148 90.93851132686083
149 89.76897689768977
150 79.40199335548172
151 96.27118644067797
152 92.73356401384083
153 85.86206896551725
154 96.29629629629629
155 -68.00239234449761
156 76.43312101910828
157 86.46864686468648
158 108.21917808219179
159 77.57255936675462
160 87.11864406779661
161 86.01398601398601
162 80.28985507246377
163 92.6829268292683
164 75.71884984025559
165 -49.32821497120921
166 92.83387622149837
167 84.77508650519032
168 90.55944055944056
169 1.4925373134328357
170 254.421768707483
171 281.875
172 258.5034013605442
173 264.1025641025641
174 253.47222222222223
175 275.86206896551727
176 153.39805825242718
177 245.7516339869281
178 330.63583815028903
179 247.97297297297297
180 244.93670886075952
181 222.91666666666666
182 278.16901408450707
183 133.8345864661654
184 252.02702702702703
185 180.0
186 247.5
187 390.0
188 315.90909090909093
189 273.09941520467834
190 251.33333333333331
191 95.98540145985402
192 230.76923076923075
193 167.08333333333334
194 228.2051282051282
195 231.2925170068027
196 236.11111111111111
197 237.5886524822695
198 329.1970802919708
199 198.69281045751634
200 402.0979020979021
201 201.25786163522014
202 266.66666666666663
203 242.33576642335768
204 179.23728813559322
205 441.0071942446043
206 236.11111111111111
207 22.531645569620252
208 117.64705882352942
209 109.6638655462185
210 104.9645390070922
211 270.14925373134326
212 278.7878787878788
213 286.2068965517241
214 289.31297709923666
215 225.69444444444446
216 288.3720930232558
217 250.63291139240508
218 294.0740740740741
219 309.09090909090907
220 236.36363636363637
221 250.0
222 265.06849315068496
223 244.0251572327044
224 287.5912408759124
225 83.01158301158301
226 362.8787878787879
227 220.64777327935224
228 253.37423312883436
229 198.27586206896552
230 300.0
231 235.8974358974359
232 260.0
233 306.8181818181818
234 253.89610389610388
235 320.0
236 228.3132530120482
237 330.53435114503816
238 387.2611464968153
239 210.22727272727272
240 7.628865979381444
241 318.2432432432432
242 252.59740259740258
243 212.57861635220127
244 472.05882352941177
245 275.0
246 273.7931034482759
247 263.8157894736842
248 257.4193548387097
249 202.58064516129033
250 297.91666666666663
251 279.06976744186045
252 242.5925925925926
253 200.63291139240508
254 326.4705882352941
255 274.84662576687117
256 265.40880503144655
257 268.82352941176475
258 328.57142857142856
259 275.0
260 273.202614379085
261 319.42446043165467
262 295.74468085106383
263 245.45454545454547
264 153.55805243445693
265 338.8059701492537
266 217.61006289308176
267 337.40458015267177
268 245.25547445255475
269 290.90909090909093
270 321.9178082191781
271 310.2189781021898
272 -49.03640256959314
273 222.28571428571428
274 233.7579617834395
275 157.40740740740742
276 149.28909952606634
277 385.5855855855856
278 474.22680412371136
279 433.00970873786406
280 304.6511627906977
281 543.3333333333334
282 350.8771929824561
283 312.8
284 380.55555555555554
285 467.3684210526316
286 420.95238095238096
287 311.1940298507463
288 573.3333333333334
289 342.01680672268907
290 420.53571428571433
291 393.8053097345133
292 465.3061224489796
293 424.77064220183485
294 416.6666666666667
295 380.0
296 408.92857142857144
297 305.6910569105691
298 592.5287356321838
299 398.31932773109247
300 559.7826086956521
301 323.84615384615387
302 500.0
303 363.11475409836066
304 550.561797752809
305 483.5051546391752
306 540.4494382022472
307 403.3613445378151
308 412.962962962963
309 410.091743119266
310 408.411214953271
311 404.8076923076923
312 504.7169811320755
313 422.4299065420561
314 421.1538461538462
315 357.5
316 398.1132075471698
317 436.036036036036
318 391.58878504672896
319 294.44444444444446
320 552.2727272727273
321 375.6521739130435
322 355.2845528455284
323 521.3483146067416
324 354.4715447154472
325 439.25233644859816
326 411.92660550458714
327 469.44444444444446
328 374.0
329 366.9724770642202
330 519.7802197802198
331 326.3157894736842
332 411.6071428571429
333 377.58620689655174
334 378.0952380952381
335 372.97297297297297
336 480.61224489795916
337 445.63106796116506
338 370.9090909090909
339 531.7757009345795
340 414.7058823529412
341 522.6190476190476
342 419.2307692307692
343 491.0112359550562
344 382.24299065420564
345 313.11475409836066
346 509.09090909090907
347 343.10344827586204
348 327.02702702702703
349 522.5806451612902
350 385.8490566037736
351 507.6923076923077
352 375.86206896551727
353 543.4782608695652
354 337.719298245614
355 439.09090909090907
356 432.6923076923077
357 497.80219780219784
358 400.0
359 461.6161616161616
360 410.37735849056605
361 435.2941176470588
362 267.36111111111114
363 505.88235294117646
364 242.65734265734267
365 536.470588235294
366 370.6896551724138
367 501.1111111111111
368 305.3030303030303
369 398.0952380952381
370 379.6116504854369
371 495.55555555555554
372 501.1904761904762
373 347.05882352941177
374 294.7826086956522
375 391.9642857142857
376 515.7407407407408
377 395.3271028037383
378 504.3010752688172
379 594.1176470588235
380 427.18446601941747
381 434.9056603773585
382 386.72566371681415
383 415.8878504672897
384 317.0103092783505
385 512.3595505617977
386 142.3963133640553
387 508.3333333333333
388 487.64044943820227
389 315.0375939849624
390 353.50877192982455
391 496.8421052631579
392 501.1494252873563
393 395.2830188679245
394 481.9148936170213
395 470.9677419354839
396 400.0
397 353.2110091743119
398 478.57142857142856
399 501.1363636363637
400 387.37864077669906
401 452.8301886792453
402 428.57142857142856
403 387.1559633027523
404 417.0
405 431.25
406 690.0
407 407.6190476190476
408 507.95454545454544
409 392.6605504587156
410 441.1764705882353
411 423.58490566037733
412 509.99999999999994
413 418.0
414 350.0
415 479.7752808988764
416 415.53398058252424
417 353.27868852459017
418 530.4347826086956
419 332.20338983050846
420 460.4395604395604
421 452.0408163265306
422 498.8235294117647
423 425.24271844660194
424 157.54716981132074
425 386.11111111111114
426 452.4271844660194
427 393.859649122807
428 489.77272727272725
429 493.33333333333337
430 371.8181818181818
431 464.94845360824746
432 385.98130841121497
433 416.9811320754717
434 389.81481481481484
435 491.39784946236557
436 595.2380952380953
437 454.36893203883494
438 400.0
439 390.4761904761905
440 458.59375
441 395.2830188679245
442 360.5042016806723
443 412.5
444 437.8378378378378
445 398.13084112149534
446 347.10743801652893
447 407.40740740740745
448 376.1904761904762
449 307.258064516129
450 315.04424778761063
451 462.36559139784947
452 350.4504504504505
453 377.0642201834862
454 401.96078431372547
455 473.8095238095238
456 328.2258064516129
457 512.7906976744187
458 476.0416666666667
459 535.5555555555555
460 501.1904761904762
461 294.48818897637796
462 616.1290322580645
463 326.4
464 357.27272727272725
465 408.91089108910893
466 381.7307692307692
467 401.9047619047619
468 378.2608695652174
469 510.11235955056173
470 476.41509433962267
471 505.1020408163265
472 487.20930232558135
473 496.59090909090907
474 472.4137931034483
475 372.8070175438596
476 412.5
477 428.3018867924528
478 417.14285714285717
479 457.47126436781616
480 441.11111111111114
481 487.9518072289157
482 427.5510204081633
483 481.3186813186813
484 351.35135135135135
485 490.3614457831325
486 413.6842105263158
487 475.29411764705884
488 451.8072289156627
489 396.0
490 706.7415730337078
491 360.7476635514019
492 467.4157303370786
493 410.5769230769231
494 480.8510638297872
495 504.44444444444446
496 430.8510638297872
497 458.62068965517244
498 362.037037037037
499 462.6506024096385
500 394.9494949494949
501 464.7058823529412
502 478.8235294117647
503 457.3033707865169
504 464.367816091954
505 355.35714285714283
506 437.20930232558135
507 390.29126213592235
508 466.6666666666667
509 447.42268041237116
510 435.10638297872345
511 1376.595744680851
512 433.94495412844043
513 443.5294117647059
514 379.4392523364486
515 444.8275862068965
516 460.22727272727275
517 429.54545454545456
518 447.1264367816092
519 347.22222222222223
520 470.5882352941177
521 363.20754716981133
522 461.3636363636363
523 422.5806451612903
524 411.23595505617976
525 467.81609195402297
526 370.2970297029703
527 448.83720930232556
528 373.14814814814815
529 430.3370786516854
530 439.5604395604396
531 478.16091954022994
532 443.6170212765957
533 379.0
534 456.32183908045977
535 353.7037037037037
536 446.80851063829783
537 388.0
538 473.8636363636363
539 470.45454545454544
540 409.57446808510645
541 471.42857142857144
542 344.44444444444446
543 408.88888888888886
544 407.1428571428571
545 467.46987951807233
546 490.90909090909093
547 394.8453608247423
548 503.44827586206895
549 390.566037735849
550 442.04545454545456
551 390.0990099009901
552 452.8735632183908
553 420.45454545454544
554 397.0
555 426.6666666666667
556 364.1509433962264
557 463.6363636363637
558 370.5882352941177
559 536.3636363636364
560 497.6470588235294
561 467.39130434782606
562 435.2941176470588
563 333.0188679245283
564 476.9230769230769
565 388.1188118811881
566 440.4494382022472
567 405.2631578947368
568 444.3181818181818
569 468.1818181818182
570 304.76190476190476
571 484.9462365591398
572 368.8679245283019
573 445.3488372093023
574 417.04545454545456
575 458.62068965517244
576 452.8735632183908
577 409.1836734693878
578 453.8461538461538
579 330.3921568627451
580 448.27586206896547
581 447.1264367816092
582 462.9213483146067
583 456.32183908045977
584 405.1020408163265
585 411.7021276595745
586 383.6538461538462
587 452.3255813953488
588 413.0434782608695
589 452.22222222222223
590 464.0449438202247
591 209.55414012738856
592 420.8791208791209
593 326.60550458715596
594 472.28915662650604
595 420.0
596 440.00000000000006
597 479.54545454545456
598 416.1290322580645
599 418.8888888888889
600 357.54716981132077
601 467.04545454545456
602 380.6122448979592
603 453.932584269663
604 418.1818181818182
605 409.99999999999994
606 438.6363636363637
607 319.26605504587155
608 452.38095238095235
609 409.2783505154639
610 451.16279069767444
611 558.1395348837209
612 436.66666666666663
613 447.1264367816092
614 353.77358490566036
615 453.932584269663
616 379.4117647058823
617 468.2352941176471
618 472.72727272727275
619 438.2022471910112
620 466.6666666666667
621 367.9611650485437
622 430.52631578947364
623 388.1188118811881
624 481.6091954022989
625 438.8888888888889
626 425.2873563218391
627 410.5263157894737
628 360.7843137254902
629 493.0232558139535
630 375.23809523809524
631 451.1363636363637
632 448.8636363636363
633 434.4444444444444
634 228.66666666666666
635 382.82828282828285
636 451.0869565217392
637 365.7142857142857
638 215.93406593406593
639 136.13861386138615
640 454.6511627906977
641 448.314606741573
642 357.14285714285717
643 428.2608695652174
644 394.28571428571433
645 458.2417582417582
646 444.3181818181818
647 442.8571428571429
648 430.7692307692308
649 421.05263157894734
650 473.17073170731703
651 342.72727272727275
652 488.09523809523813
653 385.85858585858585
654 425.27472527472526
655 468.29268292682923
656 373.39449541284404
657 464.0449438202247
658 368.10344827586204
659 442.5531914893617
660 428.421052631579
661 471.2643678160919
662 426.0869565217392
663 458.51063829787233
664 432.96703296703294
665 251.0344827586207
666 455.6818181818182
667 475.0
668 529.2134831460675
669 501.1494252873563
670 427.77777777777777
671 452.80898876404495
672 344.76190476190476
673 485.71428571428567
674 354.9019607843137
675 427.77777777777777
676 440.4494382022472
677 469.76744186046517
678 431.1111111111111
679 347.66355140186914
680 409.99999999999994
681 326.6666666666667
682 456.17977528089887
683 203.84615384615384
684 459.5505617977528
685 465.95744680851067
686 403.7735849056604
687 450.0
688 352.77777777777777
689 483.5164835164835
690 453.2608695652174
691 453.68421052631584
692 456.52173913043475
693 404.9019607843137
694 448.27586206896547
695 370.0934579439252
696 449.42528735632186
697 436.7816091954023
698 486.90476190476187
699 468.8888888888889
700 386.3157894736842
701 393.6842105263158
702 367.2897196261682
703 640.566037735849
704 411.1111111111111
705 616.8421052631578
706 456.8181818181818
707 411.4583333333333
708 451.1904761904762
709 335.45454545454544
710 558.6206896551724
711 425.55555555555554
712 398.9010989010989
713 455.9523809523809
714 385.1063829787234
715 443.01075268817203
716 375.70093457943926
717 397.89473684210526
718 425.77319587628864
719 432.18390804597703
720 459.99999999999994
721 433.3333333333333
722 449.42528735632186
723 373.5294117647059
724 474.7126436781609
725 380.1980198019802
726 457.95454545454544
727 428.08988764044943
728 450.0
729 452.38095238095235
730 352.8301886792453
731 419.1489361702128
732 360.7843137254902
733 397.89473684210526
734 439.77272727272725
735 425.5813953488372
736 424.7191011235955
737 360.55045871559633
738 440.42553191489355
739 381.5533980582524
740 444.44444444444446
741 453.6585365853658
742 453.3333333333333
743 485.71428571428567
744 363.20754716981133
745 418.6813186813187
746 360.37735849056605
747 434.4444444444444
748 463.95348837209303
749 509.09090909090907
750 465.90909090909093
751 411.00000000000006
752 479.26829268292687
753 359.04761904761904
754 450.0
755 434.09090909090907
756 466.29213483146066
757 418.47826086956525
758 400.0
759 453.48837209302326
760 319.46902654867256
761 458.13953488372096
762 410.752688172043
763 423.9130434782608
764 482.35294117647055
765 401.0752688172043
766 422.22222222222223
767 314.91228070175436
768 193.29608938547486
769 400.0
770 465.1162790697675
771 431.86813186813185
772 418.47826086956525
773 486.7469879518072
774 337.719298245614
775 500.0
776 407.2164948453608
777 207.33333333333331
778 461.90476190476187
779 439.1304347826087
780 459.5505617977528
781 389.7196261682243
782 486.90476190476187
783 369.6969696969697
784 433.3333333333333
785 483.3333333333333
786 428.88888888888886
787 445.9770114942529
788 362.61682242990656
789 427.17391304347825
790 351.47928994082844
791 445.8333333333333
792 502.17391304347825
793 417.3076923076923
794 416.83168316831683
795 343.6974789915966
796 478.72340425531917
797 352.21238938053096
798 439.08045977011494
799 469.4117647058824
800 448.8095238095238
801 454.76190476190476
802 402.12765957446805
803 382.14285714285717
804 373.6363636363636
805 455.99999999999994
806 438.4615384615385
807 443.6363636363636
808 480.0
809 399.06542056074767
810 417.3469387755102
811 346.55172413793105
812 461.0526315789474
813 425.2631578947368
814 452.27272727272725
815 479.54545454545456
816 400.0
817 462.2222222222222
818 322.8070175438596
819 447.72727272727275
820 394.7368421052631
821 432.5842696629214
822 444.3298969072165
823 445.1612903225806
824 388.2978723404255
825 330.188679245283
826 457.3170731707317
827 379.0
828 452.94117647058823
829 408.42105263157896
830 426.8041237113402
831 468.0851063829787
832 346.2962962962963
833 444.9438202247191
834 391.08910891089107
835 454.6511627906977
836 453.40909090909093
837 458.2417582417582
838 396.9387755102041
839 322.12389380530976
840 457.3033707865169
841 359.81308411214957
842 455.55555555555554
843 434.065934065934
844 442.22222222222223
845 563.6363636363636
846 413.6363636363637
847 444.6808510638298
848 327.5
849 436.27450980392155
850 448.3870967741935
851 456.12244897959187
852 434.6938775510204
853 390.0
854 485.55555555555554
855 350.0
856 462.2222222222222
857 554.945054945055
858 432.60869565217394
859 417.39130434782606
860 386.4077669902913
861 455.0561797752809
862 352.72727272727275
863 442.39130434782606
864 413.5416666666667
865 472.093023255814
866 443.82022471910113
867 378.57142857142856
868 411.8279569892473
869 316.9642857142857
870 417.7083333333333
871 428.2608695652174
872 472.94117647058823
873 488.76404494382024
874 382.69230769230774
875 418.3908045977011
876 333.9449541284404
877 441.11111111111114
878 440.625
879 462.9213483146067
880 445.05494505494505
881 446.067415730337
882 412.7659574468085
883 392.38095238095235
884 466.6666666666667
885 363.36633663366337
886 532.2222222222222
887 464.44444444444446
888 454.94505494505495
889 471.42857142857144
890 355.14018691588785
891 490.6976744186046
892 376.6990291262136
893 484.375
894 398.9010989010989
895 425.531914893617
896 476.6666666666667
897 410.4838709677419
898 460.22727272727275
899 352.33644859813086
900 450.0
901 424.7191011235955
902 481.6091954022989
903 441.37931034482756
904 371.6981132075472
905 428.88888888888886
906 342.9906542056075
907 469.4117647058824
908 463.855421686747
909 451.1363636363637
910 449.42528735632186
911 412.621359223301
912 446.6666666666667
913 380.0
914 445.23809523809524
915 443.67816091954023
916 436.4583333333333
917 417.0
918 395.0
919 490.3614457831325
920 322.12389380530976
921 419.3181818181818
922 403.2608695652174
923 461.1111111111111
924 448.314606741573
925 409.4736842105263
926 480.4597701149425
927 386.9158878504673
928 431.8181818181818
929 365.0
930 425.2873563218391
931 456.4705882352941
932 383.50515463917526
933 432.5842696629214
934 360.18518518518516
935 465.51724137931035
936 401.01010101010104
937 416.85393258426967
938 429.7872340425532
939 426.53061224489795
940 428.8659793814433
941 312.60504201680675
942 432.18390804597703
943 373.5294117647059
944 406.7415730337078
945 419.1011235955056
946 432.60869565217394
947 430.3370786516854
948 316.5289256198347
949 489.6551724137931
950 362.7450980392157
951 417.2413793103448
952 474.4186046511628
953 428.08988764044943
954 430.7692307692308
955 338.88888888888886
956 459.99999999999994
957 368.22429906542055
958 441.37931034482756
959 450.0
960 473.8095238095238
961 463.2183908045977
962 381.7307692307692
963 455.1724137931035
964 332.11009174311926
965 443.0232558139535
966 405.6818181818182
967 480.23255813953483
968 452.3255813953488
969 378.8461538461538
970 450.57471264367814
971 315.31531531531533
972 1522.2222222222222
973 635.483870967742
974 657.8313253012049
975 633.7078651685393
976 544.2105263157895
977 583.3333333333333
978 448.1481481481482
979 511.7021276595745
980 468.3168316831683
981 561.5384615384615
982 888.7640449438202
983 644.954128440367
984 471.11111111111114
985 360.1626016260162
986 426.0416666666667
987 375.23809523809524
988 459.34065934065933
989 526.8817204301075
990 428.8461538461538
991 443.75
992 358.33333333333337
993 496.6666666666667
994 412.14953271028037
995 418.8888888888889
996 462.79069767441865
997 425.8064516129032
998 531.3953488372092
999 385.45454545454544
1000 472.4137931034483
1001 358.6538461538462
1002 513.0952380952382
1003 495.3488372093023
1004 473.3333333333333
1005 437.5
1006 356.0747663551402
1007 463.5294117647059
1008 341.50943396226415
1009 493.2584269662922
1010 448.314606741573
1011 443.95604395604397
1012 448.8095238095238
1013 370.5882352941177
1014 468.96551724137925
1015 351.4018691588785
1016 494.50549450549454
1017 441.37931034482756
1018 443.1818181818182
1019 447.82608695652175
1020 340.3669724770642
1021 440.90909090909093
1022 388.3495145631068
1023 433.69565217391306
1024 452.38095238095235
1025 489.77272727272725
1026 443.82022471910113
1027 331.0344827586207
1028 451.6129032258065
1029 389.9082568807339
1030 463.2183908045977
1031 444.3181818181818
1032 470.32967032967036
1033 453.40909090909093
1034 403.1578947368421
1035 473.2558139534884
1036 378.89908256880733
1037 464.44444444444446
1038 452.74725274725273
1039 488.50574712643675
1040 450.0
1041 456.8421052631579
1042 434.065934065934
1043 370.19230769230774
1044 456.52173913043475
1045 547.872340425532
1046 469.2307692307692
1047 480.6818181818182
1048 430.92783505154637
1049 436.66666666666663
1050 406.5420560747664
1051 437.7777777777778
1052 383.50515463917526
1053 490.90909090909093
1054 445.05494505494505
1055 434.04255319148933
1056 482.5581395348837
1057 414.4230769230769
1058 423.9130434782608
1059 398.03921568627453
1060 474.7126436781609
1061 484.8837209302325
1062 459.99999999999994
1063 380.0
1064 362.85714285714283
1065 356.43564356435644
1066 358.6538461538462
1067 456.8181818181818
1068 470.5882352941177
1069 431.03448275862075
1070 447.72727272727275
1071 350.94339622641513
1072 445.65217391304344
1073 347.1698113207547
1074 453.40909090909093
1075 433.3333333333333
1076 497.89473684210526
1077 463.0434782608695
1078 370.3703703703704
1079 466.29213483146066
1080 353.77358490566036
1081 479.06976744186045
1082 463.73626373626377
1083 532.9411764705882
1084 423.9130434782608
1085 328.57142857142856
1086 484.09090909090907
1087 378.2608695652174
1088 413.4020618556701
1089 435.4838709677419
1090 433.3333333333333
1091 477.77777777777777
1092 463.73626373626377
1093 454.8387096774194
1094 351.304347826087
1095 412.5
1096 441.05263157894734
1097 458.0645161290323
1098 517.8571428571429
1099 412.2448979591836
1100 406.25
1101 354.6296296296296
1102 467.03296703296706
1103 197.48427672955975
1104 468.1818181818182
1105 438.2022471910112
1106 435.10638297872345
1107 487.35632183908046
1108 344.85981308411215
1109 443.75
1110 362.8318584070796
1111 520.8791208791209
1112 455.9523809523809
1113 420.8333333333333
1114 469.3181818181818
1115 366.3551401869159
1116 508.13953488372096
1117 387.5
1118 442.39130434782606
1119 415.7894736842105
1120 443.33333333333337
1121 442.6966292134831
1122 357.14285714285717
1123 446.59090909090907
1124 382.07547169811323
1125 452.27272727272725
1126 444.7058823529412
1127 414.44444444444446
1128 470.45454545454544
1129 383.4862385321101
1130 425.531914893617
1131 427.27272727272725
1132 425.84269662921355
1133 503.7593984962406
1134 437.5
1135 476.7441860465116
1136 422.54901960784315
1137 476.7441860465116
1138 350.94339622641513
1139 423.3333333333333
1140 473.3333333333333
1141 468.2352941176471
1142 452.38095238095235
1143 385.8490566037736
1144 476.7441860465116
1145 377.77777777777777
1146 230.37974683544303
1147 452.5974025974026
1148 467.741935483871
1149 438.82352941176475
1150 395.83333333333337
1151 452.94117647058823
1152 378.3783783783784
1153 481.39534883720927
1154 482.60869565217394
1155 458.8235294117647
1156 454.44444444444446
1157 415.95744680851067
1158 512.9411764705883
1159 347.7477477477477
1160 487.5
1161 401.05263157894734
1162 468.6746987951807
1163 485.71428571428567
1164 416.84210526315786
1165 462.79069767441865
1166 357.14285714285717
1167 465.51724137931035
1168 426.0416666666667
1169 424.7311827956989
1170 501.20481927710847
1171 443.33333333333337
1172 442.6966292134831
1173 376.4150943396226
1174 509.4117647058823
1175 386.0
1176 481.3186813186813
1177 456.8181818181818
1178 470.93023255813955
1179 476.1363636363637
1180 403.96039603960395
1181 465.1162790697675
1182 387.73584905660374
1183 464.367816091954
1184 478.16091954022994
1185 485.55555555555554
1186 466.6666666666667
1187 382.8571428571429
1188 477.6470588235294
1189 370.873786407767
1190 457.95454545454544
1191 503.61445783132524
1192 463.33333333333337
1193 481.17647058823525
1194 516.3461538461538
1195 2.771362586605081
1196 335.5704697986577
1197 505.9523809523809
1198 145.85365853658536
1199 433.70786516853934
1200 494.11764705882354
1201 417.1717171717172
1202 493.0232558139535
1203 363.30275229357795
1204 461.17647058823525
1205 426.96629213483146
1206 442.22222222222223
1207 439.08045977011494
1208 409.1836734693878
1209 594.047619047619
1210 367.85714285714283
1211 451.16279069767444
1212 420.4081632653061
1213 470.93023255813955
1214 479.3103448275862
1215 336.84210526315786
1216 469.4117647058824
1217 360.7142857142857
1218 502.38095238095235
1219 424.468085106383
1220 456.8181818181818
1221 491.4634146341464
1222 464.0449438202247
1223 486.4197530864198
1224 400.0
1225 430.6818181818182
1226 459.1836734693878
1227 532.183908045977
1228 528.3950617283951
1229 482.2222222222222
1230 466.6666666666667
1231 96.28252788104089
1232 489.4117647058824
1233 393.0
1234 551.4285714285714
1235 447.1264367816092
1236 405.6179775280899
1237 452.8735632183908
1238 414.8514851485149
1239 465.5555555555556
1240 392.156862745098
1241 459.09090909090907
1242 392.39130434782606
1243 425.0
1244 447.82608695652175
1245 399.03846153846155
1246 472.093023255814
1247 366.3551401869159
1248 446.1538461538462
1249 445.88235294117646
1250 508.235294117647
1251 455.0561797752809
1252 404.1666666666667
1253 461.17647058823525
1254 376.9230769230769
1255 393.75
1256 312.9310344827586
1257 467.4418604651163
1258 489.28571428571433
1259 467.741935483871
1260 465.4761904761905
1261 324.10714285714283
1262 479.54545454545456
1263 435.10638297872345
1264 467.39130434782606
1265 441.11111111111114
1266 416.16161616161617
1267 432.5581395348837
1268 334.86238532110093
1269 426.1363636363637
1270 396.8085106382979
1271 398.03921568627453
1272 487.65432098765433
1273 410.63829787234044
1274 494.1860465116279
1275 364.76190476190476
1276 462.79069767441865
1277 402.02020202020196
1278 462.0689655172414
1279 478.16091954022994
1280 428.57142857142856
1281 429.8969072164948
1282 370.94017094017096
1283 489.247311827957
1284 446.72897196261687
1285 515.3061224489795
1286 461.4583333333333
1287 458.16326530612247
1288 441.1764705882353
1289 373.04347826086956
1290 419.41747572815535
1291 348.76033057851237
1292 439.1752577319588
1293 432.03883495145635
1294 426.0416666666667
1295 421.875
1296 395.19230769230774
1297 487.5
1298 414.95327102803736
1299 504.59770114942535
1300 494.5652173913044
1301 476.1363636363637
1302 511.23595505617976
1303 410.091743119266
1304 462.62626262626264
1305 334.7457627118644
1306 490.10989010989016
1307 481.8181818181818
1308 468.8888888888889
1309 457.1428571428571
1310 423.46938775510205
1311 501.16279069767444
1312 396.2962962962963
1313 474.15730337078645
1314 469.8924731182796
1315 468.0851063829787
1316 482.5581395348837
1317 461.0526315789474
1318 563.8297872340426
1319 355.14018691588785
1320 452.6881720430108
1321 372.44897959183675
1322 477.77777777777777
1323 457.3033707865169
1324 434.78260869565213
1325 514.2857142857143
1326 357.65765765765764
1327 445.45454545454544
1328 421.2121212121212
1329 447.05882352941177
1330 482.5581395348837
1331 448.8636363636363
1332 461.90476190476187
1333 350.89285714285717
1334 414.1304347826087
1335 386.86868686868684
1336 465.1162790697675
1337 471.91011235955057
1338 444.7058823529412
1339 446.1538461538462
1340 494.11764705882354
1341 449.47368421052636
1342 424.7524752475248
1343 462.2222222222222
1344 453.125
1345 473.3333333333333
1346 507.1428571428571
1347 403.8461538461538
1348 436.66666666666663
1349 378.0952380952381
1350 472.093023255814
1351 483.7209302325581
1352 489.4117647058824
1353 519.5121951219512
1354 374.52830188679246
1355 448.27586206896547
1356 346.84684684684686
1357 513.75
1358 453.932584269663
1359 445.9770114942529
1360 798.936170212766
1361 549.0384615384615
1362 495.0617283950617
1363 342.45283018867923
1364 429.21348314606746
1365 432.95454545454544
1366 468.6746987951807
1367 497.61904761904765
1368 398.96907216494844
1369 500.0
1370 360.0
1371 456.6265060240964
1372 431.1827956989247
1373 414.44444444444446
1374 425.84269662921355
1375 410.63829787234044
1376 408.9887640449438
1377 374.54545454545456
1378 437.7777777777778
1379 385.2631578947368
1380 459.09090909090907
1381 439.28571428571433
1382 419.00000000000006
1383 451.1111111111111
1384 425.4545454545455
1385 448.2352941176471
1386 375.51020408163265
1387 474.39024390243907
1388 454.76190476190476
1389 433.69565217391306
1390 442.5531914893617
1391 367.6190476190476
1392 485.5421686746988
1393 395.9183673469388
1394 470.23809523809524
1395 322.22222222222223
1396 425.2873563218391
1397 418.1818181818182
1398 314.54545454545456
1399 450.5882352941176
1400 332.94117647058823
1401 452.3255813953488
1402 444.7058823529412
1403 515.4761904761905
1404 449.43820224719104
1405 452.33644859813086
1406 460.6741573033708
1407 386.13861386138615
1408 405.3763440860215
1409 473.8095238095238
1410 414.44444444444446
1411 437.0786516853933
1412 338.0952380952381
1413 445.3488372093023
1414 366.66666666666663
1415 431.8181818181818
1416 468.96551724137925
1417 490.2439024390244
1418 482.95454545454544
1419 358.33333333333337
1420 455.8139534883721
1421 337.8640776699029
1422 498.83720930232556
1423 445.05494505494505
1424 454.0229885057471
1425 365.65656565656565
1426 401.03092783505156
1427 438.3720930232558
1428 327.82608695652175
1429 460.4651162790698
1430 435.16483516483515
1431 428.2608695652174
1432 451.1904761904762
1433 421.11111111111114
1434 424.1758241758242
1435 327.35849056603774
1436 429.54545454545456
1437 391.83673469387753
1438 454.76190476190476
1439 437.64705882352945
1440 465.51724137931035
1441 458.13953488372096
1442 350.0
1443 455.9523809523809
1444 404.1666666666667
1445 448.7804878048781
1446 497.72727272727275
1447 411.34020618556696
1448 470.0
1449 370.7547169811321
1450 443.5294117647059
1451 340.7766990291262
1452 444.1860465116279
1453 479.06976744186045
1454 428.88888888888886
1455 464.28571428571433
1456 361.3861386138614
1457 448.27586206896547
1458 340.74074074074076
1459 488.50574712643675
1460 496.42857142857144
1461 463.95348837209303
1462 430.7692307692308
1463 406.7961165048544
1464 423.3333333333333
1465 345.7142857142857
1466 456.9767441860465
1467 458.62068965517244
1468 454.6511627906977
1469 480.4878048780488
1470 365.0485436893204
1471 467.04545454545456
1472 371.559633027523
1473 332.4786324786325
1474 429.3103448275862
1475 442.52873563218384
1476 444.0476190476191
1477 393.93939393939394
1478 485.3658536585366
1479 380.55555555555554
1480 451.72413793103453
1481 480.0
1482 489.4117647058824
1483 470.3703703703703
1484 394.8979591836735
1485 455.2941176470588
1486 364.4230769230769
1487 489.4117647058824
1488 425.84269662921355
1489 454.6511627906977
1490 460.24096385542174
1491 419.7802197802198
1492 431.57894736842104
1493 314.7826086956522
1494 475.25773195876286
1495 416.0
1496 417.7777777777778
1497 479.3103448275862
1498 430.4347826086956
1499 456.9767441860465
1500 340.18691588785043
1501 453.2608695652174
1502 416.32653061224494
1503 221.4765100671141
1504 449.4117647058824
1505 430.23255813953483
1506 480.23255813953483
1507 364.1509433962264
1508 464.77272727272725
1509 398.0
1510 404.49438202247194
1511 485.3658536585366
1512 414.6067415730337
1513 475.9036144578313
1514 383.49514563106794
1515 410.8695652173913
1516 367.3267326732673
1517 503.52941176470586
1518 480.7228915662651
1519 489.0243902439025
1520 484.33734939759034
1521 373.26732673267327
1522 436.7816091954023
1523 356.60377358490564
1524 458.3333333333333
1525 468.29268292682923
1526 460.91954022988506
1527 453.8461538461538
1528 378.125
1529 454.34782608695656
1530 390.0990099009901
1531 421.59090909090907
1532 419.3181818181818
1533 472.093023255814
1534 475.29411764705884
1535 407.0707070707071
1536 426.96629213483146
1537 383.83838383838383
1538 471.2643678160919
1539 453.3333333333333
1540 390.90909090909093
1541 481.39534883720927
1542 390.72164948453604
1543 424.7191011235955
1544 363.39285714285717
1545 539.5061728395061
1546 412.7659574468085
1547 441.1764705882353
1548 463.09523809523813
1549 404.12371134020617
1550 417.39130434782606
1551 365.38461538461536
1552 449.42528735632186
1553 404.3010752688172
1554 472.82608695652175
1555 476.4044943820225
1556 442.26804123711344
1557 440.00000000000006
1558 356.25
1559 450.0
1560 369.6969696969697
1561 448.8888888888889
1562 475.5813953488372
1563 461.7977528089888
1564 464.7058823529412
1565 328.3185840707965
1566 494.11764705882354
1567 368.0
1568 478.16091954022994
1569 438.09523809523813
1570 456.8181818181818
1571 416.85393258426967
1572 351.8867924528302
1573 298.31932773109247
1574 348.0769230769231
1575 476.1904761904762
1576 463.4146341463414
1577 463.09523809523813
1578 428.57142857142856
1579 378.0
1580 479.3103448275862
1581 369.5238095238095
1582 469.76744186046517
1583 459.3023255813954
1584 491.56626506024094
1585 455.1724137931035
1586 350.45871559633025
1587 406.3829787234043
1588 329.2452830188679
1589 487.9518072289157
1590 143.34975369458127
1591 447.72727272727275
1592 493.1818181818182
1593 423.40425531914894
1594 484.5238095238095
1595 258.8235294117647
1596 376.4705882352941
1597 415.3061224489796
1598 477.10843373493975
1599 413.18681318681325
1600 427.4725274725275
1601 462.0689655172414
1602 378.6407766990291
1603 420.45454545454544
1604 434.4444444444444
1605 469.0476190476191
1606 436.7816091954023
1607 421.11111111111114
1608 474.72527472527474
1609 322.9357798165138
1610 456.4705882352941
1611 390.81632653061223
1612 423.3333333333333
1613 453.3333333333333
1614 389.69072164948454
1615 212.5
1616 340.74074074074076
1617 426.4367816091954
1618 386.5979381443299
1619 473.8636363636363
1620 473.5632183908046
1621 462.5
1622 454.6511627906977
1623 361.98347107438013
1624 442.52873563218384
1625 368.8679245283019
1626 507.3170731707317
1627 487.8048780487805
1628 486.90476190476187
1629 468.6746987951807
1630 365.7142857142857
1631 464.7058823529412
1632 356.60377358490564
1633 501.1111111111111
1634 468.13186813186815
1635 463.33333333333337
1636 439.77272727272725
1637 437.5
1638 456.66666666666663
1639 200.0
1640 485.8823529411764
1641 468.2352941176471
1642 453.932584269663
1643 441.747572815534
1644 406.86274509803917
1645 446.067415730337
1646 351.8867924528302
1647 448.27586206896547
1648 570.0
1649 503.52941176470586
1650 445.9770114942529
1651 369.6969696969697
1652 458.13953488372096
1653 364.4230769230769
1654 453.40909090909093
1655 400.0
1656 476.1904761904762
1657 504.76190476190476
1658 212.5
1659 480.4597701149425
1660 364.76190476190476
1661 498.79518072289153
1662 412.2222222222222
1663 487.9518072289157
