0 196.23318497735852
1 195.17001844622956
2 201.2968076537071
3 197.89817660053666
4 197.68482126885286
5 196.11030059637358
6 198.56335501379655
7 197.42916510518688
8 196.55556379072715
9 196.23318497735852
10 198.10789681872998
11 198.63416328110313
12 198.1187105756885
13 197.41860626389524
14 195.1871552802902
15 197.52888518487887
16 198.39335644501793
17 198.00264414767292
18 194.18139069229036
19 199.1436489458018
20 198.96344390275925
21 198.95300612853848
22 197.75773835245326
23 195.05240417772458
24 198.4937858685984
25 198.0661269274245
26 198.8398275224424
27 197.27890438945448
28 197.97433764987466
29 197.64400446838914
30 196.95738248093252
31 199.82117333897486
32 198.02693489398771
33 198.91355205517527
34 198.98892937701908
35 199.58577836900145
36 196.94210039604803
37 197.95503524105092
38 195.4220750678983
39 196.81346723082305
40 196.69715613023996
41 197.82325088841077
42 199.87459955136222
43 194.48232672475268
44 197.79923515860693
45 197.5727003171167
46 197.89527753839596
47 197.29999318743532
48 193.3882334401004
49 196.4090862211653
50 195.78471345371509
51 196.3299572462603
52 198.4553265013871
53 198.89925656884535
54 197.73784211090927
55 196.74776886826118
56 203.6615738489251
57 196.75333957591718
58 198.61552378612635
59 196.28054471850393
60 197.73646299466265
61 197.35374331387789
62 197.86661492788804
63 197.6814703748191
64 197.46522422241668
65 200.01341277143825
66 203.35020635699914
67 195.0717816599828
68 197.30115462814408
69 199.30209036970632
70 197.51121368347427
71 195.09580598442565
72 196.97201940243474
73 195.8299139730462
74 198.53034393673957
75 199.23841948392857
76 196.92087759110257
77 193.31485859231364
78 196.84672820839273
79 197.20968473203982
80 197.29630552906534
81 197.29249641045993
82 198.7039203360803
83 196.69329268890795
84 198.8748102384871
85 197.67430283080637
86 194.925950349229
87 198.2200501741211
88 197.30590049256213
89 195.53677841804912
90 198.3998889223704
91 199.41214544477512
92 198.14129347520043
93 199.11278858742918
94 201.1773514379172
95 198.94118549387827
96 196.6877191708129
97 198.76406339249272
98 193.7717668764267
99 197.81675382510647
100 198.75723945784188
101 198.18888638607473
102 196.0371232335245
103 197.09982404447206
104 198.13189320194058
105 198.40628729737602
106 197.51174903706755
107 197.4460744623944
108 197.03382447024944
109 197.25164918380392
110 198.61964647884562
111 197.45723412788988
112 198.61331778105918
113 199.05034270206457
114 199.0602794184461
115 197.44946230067896
116 199.42619473231065
117 198.76266939364075
118 198.5081863730142
119 197.19640697379342
120 197.82531650492962
121 199.13354532443856
122 197.5679433163092
123 196.59599936915635
124 197.40468015937955
125 197.41131940959144
126 198.34630776349874
127 196.8621272108762
128 195.94958351607363
129 196.35252261155983
130 196.81113852898775
131 201.33234827982653
132 197.54569930217042
133 196.68179073205422
134 198.34866972628976
135 195.72785695161977
136 196.04886712465435
137 196.84640751577794
138 196.2388201239868
139 198.04339025782286
140 198.73538940484474
141 198.89720076592894
142 199.59688327459983
143 198.76629738866544
144 198.24523049739676
145 197.3460598887599
146 197.13484132402206
147 196.91691221629245
148 198.78876481267835
149 197.81361830736702
150 198.04146873534916
151 198.29706784758943
152 196.2641581123381
153 198.5219713125164
154 195.45160160408804
155 194.40359093624699
156 198.39377143463878
157 196.71770360002986
158 198.3039610073337
159 198.3122184304161
160 198.57785481798825
161 198.21188939094102
162 196.66227091397835
163 194.55502986919586
164 197.89099646920715
165 198.15028061866693
166 196.0181158093782
167 195.71129231977574
168 196.79593624014817
169 198.6354594929548
170 197.99397787853434
171 196.20684523577802
172 197.48311016571358
173 198.46051613609794
174 198.3013769420255
175 196.8657479322402
176 196.58133392609128
177 198.7923816051415
178 197.71702863821588
179 199.12104530018794
180 197.34080448508055
181 196.5135667565476
182 193.85341955351052
183 197.67997071185818
184 197.2540537437163
185 197.1988244445071
186 197.6421095765329
187 198.46497476351232
188 197.3862745492519
189 197.7642779547331
190 198.1210193869713
191 199.7370512476693
192 198.37033811071782
193 198.34047406577736
194 200.65215495890448
195 197.24254583209137
196 197.38935139242528
197 196.86812077721092
198 198.7718541443934
199 196.9087891028847
200 199.1765597298541
201 197.1921416040237
202 198.63374129778862
203 197.6314684645107
204 195.3734498596622
205 198.5682439817684
206 197.03002485935278
207 196.76275103326483
208 198.09196528755382
209 196.7963907857414
210 196.68243634024404
211 197.48638889367803
212 197.40619908531053
213 198.52608264633992
214 198.786496571298
215 198.96854024363853
216 198.6047449624467
217 196.60650277677044
218 198.1500194556159
219 197.49764220345313
220 194.0614763463895
221 194.81397297788146
222 196.5388582432083
223 192.72256455204493
224 199.81359460284395
225 196.86961392792207
226 196.58411056020395
227 196.98138184634658
228 195.98405858836037
229 198.2792062868719
230 199.0178882586495
231 198.8531281367505
232 196.30843079195554
233 196.17769045767753
234 195.48569104186416
235 193.4678411154636
236 198.1587434676554
237 198.17046775122606
238 196.5982631108595
239 195.78468678543675
240 198.60270415361768
241 198.10033229649832
242 198.6007172917207
243 198.20735093610358
244 199.50179952538875
245 198.71450119975017
246 197.1129055469583
247 197.28288167577253
248 197.1138531318765
249 195.9389397203604
250 197.12595891507814
251 198.7789234747671
252 198.78954204366767
253 197.64083137330317
254 198.600100704909
255 197.7907471413422
256 191.4349890936832
257 197.86516516480842
258 197.45603481264496
259 195.72710416786757
260 197.98697753858568
261 198.34503020860458
262 194.70417872575584
263 196.30514098345802
264 198.0119575590386
265 196.4129468059558
266 198.26362331723107
267 198.94244039662962
268 197.27357689170762
269 198.4218782565363
270 195.87953728027207
271 199.52816036763477
272 196.9675263182011
273 197.94557295255754
274 198.07903386030296
275 198.10978146440752
276 197.371384515075
277 199.43157565525772
278 197.00068769652847
279 198.41908847418495
280 197.9538228429971
281 198.01157847625043
282 197.9596867620994
283 198.05611820456681
284 196.4775169308869
285 196.54750072860642
286 198.44910965450154
287 196.67330399566166
288 196.57024978027496
289 197.32208533511113
290 198.42390103606346
291 195.73504009577377
292 195.68303619058946
293 195.98783504167983
294 198.64893613784264
295 198.82288451423946
296 196.47017390288602
297 195.79977006848165
298 194.5354800397071
299 195.71288481681555
300 198.40471859105887
301 197.82457935783998
302 198.48877045864523
303 201.39553863866973
304 198.60353197885888
305 198.9260795665595
306 198.87092875600968
307 198.68489642467088
308 197.47095956837558
309 197.3684677607842
310 197.50630409234597
311 197.07108846074567
312 196.58369590641774
313 197.62835735886628
314 197.5592568992254
315 197.32445080376976
316 198.36709681727743
317 198.31830725638767
318 196.48372060630368
319 199.0643546878456
320 198.94796231950536
321 195.41691852915943
322 195.79988590598217
323 198.68570232965703
324 197.20831760811808
325 195.66750186476577
326 198.76001302987893
327 199.30936793439628
328 198.4258519168663
329 196.12938619755073
330 199.04146290847402
331 197.6379611795411
332 197.65303743962397
333 197.31947746809254
334 202.26213491413876
335 198.6081690892743
336 196.83372091166547
337 198.50015791578073
338 201.50120341462267
339 198.41667249999736
340 197.3197689994973
341 196.56324671535765
342 194.71186543140206
343 194.97197216611232
344 196.3683703346833
345 196.59921032795572
346 199.88937153400087
347 201.73751774673235
348 198.3546672287961
349 195.941550389438
350 197.75917962375036
351 197.88975548859617
352 198.10841756960127
353 197.6459833599805
354 197.36058679934195
355 199.1911096852957
356 198.2665277702143
357 203.5483367197112
358 199.24555284890909
359 198.34194898867335
360 196.48652711663442
361 197.36393822545102
362 198.34452172463648
363 197.79971485216205
364 199.63797352908375
365 197.71848422920831
366 198.54410283735479
367 197.19435090035353
368 198.24335346051538
369 197.4125784526301
370 197.3977719249658
371 197.8745566421089
372 198.61867068848554
373 198.3255287472711
374 197.25070885554908
375 200.45388117432486
376 198.3150229623714
377 196.72389509599864
378 197.3888846742934
379 195.33121435498396
380 197.6585683124662
381 196.75867809871392
382 198.08824399381538
383 198.0921997880111
384 199.0750485595542
385 195.85330768111606
386 199.63030542491353
387 197.20399407358025
388 199.26495662220123
389 196.61859203779454
390 197.51496361599624
391 197.83734806455942
392 195.8251463457257
393 199.49572515613846
394 197.35198121578597
395 198.22935649584932
396 198.7058984934601
397 199.07701877682263
398 198.84543398574496
399 198.87514164617386
400 197.63493820963618
401 197.9354733732899
402 197.80875175869923
403 197.4138780098275
404 198.25267018357178
405 198.584268421132
406 198.04527984332586
407 199.033726784172
408 204.02562576199483
409 198.16040042225282
410 197.67584417718749
411 198.41004010546507
412 198.84374497318035
413 197.97469677768376
414 196.3296769909656
415 196.10788880854068
416 198.25358920996095
417 197.25110514570264
418 197.44239083914906
419 197.4481977110379
420 197.15263632355823
421 196.07894663664908
422 195.43677219591245
423 197.89315608188338
424 198.33002698348218
425 204.37945933108335
426 198.9136520911584
427 198.00170028063886
428 195.80440462635997
429 199.0688015486435
430 195.80668409994547
431 197.79408484583152
432 198.3489788485178
433 197.2337823512142
434 196.62606960412495
435 197.75300250565098
436 195.64690733586338
437 197.92923688085293
438 197.51775837039625
439 196.3036754435255
440 196.65707254960944
441 196.27130330687186
442 194.62658471591277
443 195.18499300300724
444 198.80358989053948
445 198.80205611187202
446 199.5058333276719
447 196.0764938977911
448 196.85768034576532
449 197.9163350072301
450 197.5895593185543
451 196.75601262223282
452 202.51648572312462
453 197.47687318788678
454 196.51961187412732
455 195.43491009383385
456 197.2967857630406
457 232.14314298561348
458 197.895174271633
459 199.0272976691185
460 198.18980066476158
461 198.12263752695785
462 198.31204165536303
463 197.13939377281693
464 197.3546352391538
465 197.5529123642784
466 195.92374269961323
467 196.93260425067112
468 200.73648405163365
469 198.47087261264195
470 200.22404462164587
471 197.62783176731588
472 196.25824024069848
473 197.88036666970112
474 196.97532839241848
475 198.95881767995766
476 197.54837943107643
477 195.74201583593182
478 197.82318557078304
479 197.13194215603087
480 191.80221600810552
481 197.61023522572668
482 195.32040661803413
483 198.19389282053436
484 199.52633974523522
485 198.8637002622931
486 195.7577048289505
487 198.05104443770065
488 198.58861519839118
489 195.24044516387661
490 197.47212966483258
491 196.93871528816797
492 197.93183698758654
493 192.79554219495873
494 197.95749315605568
495 198.1130739414279
496 198.1711589383412
497 197.89633993291005
498 197.96129453671358
499 199.55222085133025
500 198.3976761313968
501 195.7601023862873
502 193.5269706242506
503 198.3477158525383
504 193.71251748991347
505 198.1857530499147
506 197.86721825708585
507 200.26317246922156
508 195.9917343530634
509 192.83216218756723
510 199.01524930247507
511 197.51912874835588
512 197.90858940634695
513 194.91574255069472
514 195.06908054064564
515 197.61107402289693
516 199.40381843281253
517 197.06252983254166
518 198.65023555522586
519 198.165794097216
520 197.85375368768624
521 195.51408486948733
522 196.34574629814082
523 198.6114296811742
524 195.4809816293979
525 199.06122352224318
526 196.3156019626481
527 197.34343268726798
528 197.4927927973574
529 199.06406004098278
530 197.77229785683517
531 198.47813627220285
532 199.013518102163
533 198.42040148631312
534 198.32353685197037
535 195.38193184040023
536 195.9991383176033
537 198.19213336301158
538 197.95280807313873
539 196.66406805977223
540 199.6200820181046
541 197.11881786831074
542 198.82848902601762
543 197.03125956381982
544 196.57121118778048
545 196.12258054350932
546 197.96268777252178
547 198.80261699473078
548 197.7401917938207
549 197.46469253034638
550 198.01697595242294
551 196.17560760082316
552 195.26231722020705
553 197.12678562952777
554 197.66998114165898
555 198.4383915963758
556 197.5482829022947
557 197.1851932825927
558 196.4236291825102
559 198.96145699383067
560 196.86289975036166
561 198.85314292840854
562 198.98419228026086
563 195.41862491868324
564 196.34752619198244
565 196.95196214240693
566 198.75954860611992
567 197.1521854654442
568 199.88580700141083
569 196.83615579317436
570 198.28163991072947
571 197.34010490626372
572 197.64727283081058
573 198.84330509480645
574 195.73964355168036
575 196.75633690275652
576 197.0384256967005
577 194.93554109245954
578 197.5182342589395
579 199.6444331093005
580 198.83005403095126
581 199.0445131768402
582 198.4143532512263
583 195.79435953462684
584 197.45766603150193
585 196.60577433722798
586 197.74960128901364
587 197.33642719840464
588 198.5548143093655
589 197.46916662698234
590 197.16291903817606
591 195.2026920237169
592 196.82159408399923
593 197.8121339433382
594 196.64189948367928
595 196.59521467610372
596 198.2346816699937
597 198.01073203238252
598 199.05462228738313
599 197.40488790496977
600 199.7287958473784
601 197.08120666501551
602 198.03290957309233
603 199.12436621393618
604 197.89837470175982
605 198.930260554711
606 195.12271223115363
607 194.76987332633237
608 199.49327039561823
609 197.57087935970623
610 194.75797925546487
611 200.97739823326
612 197.39893988286315
613 197.56794653491468
614 196.7944921869067
615 199.8268302643396
616 195.5409164343872
617 197.64481943116724
618 196.24756059419488
619 199.07156920889565
620 194.7442106269309
621 198.19060807580163
622 198.43820929630525
623 196.0038602971825
624 197.37443632295182
625 199.09772583844395
626 198.7554325728242
627 194.56787322456043
628 197.7872792313731
629 197.70946974213018
630 197.81610445304503
631 198.2878428140287
632 197.7914297859407
633 197.67317213265014
634 199.22021600697832
635 199.29226155062517
636 198.3452967387146
637 198.9260433174833
638 196.17485855715353
639 197.58309380406453
640 196.8005267353063
641 196.5618915941531
642 197.4262982678806
643 195.7452277326367
644 198.55264077787496
645 197.5695805071114
646 200.22167123309907
647 196.26749512051452
648 198.12369873389704
649 197.6615724063418
650 195.24987280775656
651 195.93207443934264
652 198.59899710887962
653 198.8205330497982
654 198.55106489673685
655 197.9572450776
656 197.20871902820068
657 195.89165677950797
658 203.10628521960916
659 197.37279649424386
660 193.32930379699985
661 198.7486680424773
662 199.00689649641205
663 203.5124495235638
664 201.38527998971702
665 193.3903621894
666 198.8104130810031
667 197.7240384096796
668 196.62992196722305
669 197.26450290209914
670 199.02799668724984
671 196.92276485971348
672 198.66706104418776
673 198.08667448752303
674 195.71440169212678
675 197.9257929397474
676 194.95083740142417
677 197.86972154169908
678 197.64872267106267
679 196.56447986892493
680 195.62793252991008
681 197.4811637388981
682 197.66640934341723
683 197.60600851748669
684 198.09459522003087
685 196.7733588492232
686 198.2869356269308
687 198.10431828518142
688 199.08939509216708
689 195.16163501762648
690 196.10425950086815
691 196.84236271511764
692 198.31372232865803
693 198.25064727945514
694 198.9107451623532
695 197.54041221390924
696 198.28506611245754
697 198.30080038447443
698 197.4382871446735
699 199.85166567299189
700 198.95425017648574
701 199.09037133396168
702 198.20971851622798
703 198.36237716839034
704 198.41406476727164
705 197.80582087921545
706 198.03695257798444
707 199.08267271273377
708 197.3356640070877
709 197.1192846904522
710 194.7422361808312
711 198.6173175074143
712 196.45879478231072
713 198.13243201499745
714 198.02446572494273
715 197.30011761541996
716 195.257749565171
717 199.22915206756596
718 196.8886130892585
719 198.80021629804972
720 196.2899119446725
721 194.78412442741455
722 196.33908458367594
723 196.9734991046716
724 198.0637523627178
725 194.07931490442166
726 197.20649518369802
727 197.29404086411722
728 200.5594412418493
729 201.36820726466294
730 198.05482002586083
731 197.36771851207445
732 196.6384904944215
733 197.3007896626954
734 196.45994907880973
735 201.13297916712216
736 198.05105865863547
737 209.23860444201767
738 193.1150189006837
739 198.93323729943057
740 198.3275954893711
741 197.8083371244941
742 198.72558699836551
743 195.37887247887127
744 199.08255029298886
745 198.34124634074476
746 196.1508457984469
747 198.9458668279295
748 197.55036549685596
749 197.71135772626374
750 194.2394134178782
751 198.71860876990186
752 198.90868760002346
753 195.55795086307464
754 197.82014859081733
755 195.8194234424159
756 197.3128904184126
757 195.05502246058788
758 200.3582930288816
759 201.35367064801895
760 195.54676764501983
761 199.1512551381598
762 198.2440259530523
763 196.44882910653115
764 200.39970512536252
765 198.7761357367355
766 196.9958956207605
767 201.95647403420864
768 197.53187974113573
769 198.12157657301083
770 199.10796048717629
771 197.46908945738133
772 197.23653312710604
773 197.08154902115078
774 197.89428130858286
775 198.8022053633901
776 196.9432731626632
777 197.24619707807085
778 198.68505445889542
779 197.37256311668935
780 196.04208731800423
781 197.4304804687193
782 196.433442662827
783 198.31430948606612
784 195.37871671372488
785 198.93322060390034
786 198.31972650103015
787 196.38453140161693
788 197.27250540121378
789 198.84207576398163
790 197.6204288824684
791 198.68093459519017
792 197.66765246449734
793 198.9104279124095
794 198.97989848223364
795 195.68851287738266
796 195.6960994291406
797 198.4579607886382
798 198.28361814472203
799 198.68335256255327
800 198.00571666032823
801 197.2149488957832
802 198.56573682523214
803 198.25365859756187
804 199.00672430027998
805 194.22202117707505
806 198.77657858580596
807 199.380210231429
808 195.17122112533795
809 198.64158405059186
810 197.9355871174141
811 199.26477621128868
812 197.38142869638082
813 198.46551844756402
814 200.34763978372658
815 196.35816134953947
816 197.76654888465646
817 198.4335223098685
818 199.02884176716515
819 198.9593894320612
820 198.11396804706823
821 198.6030101654214
822 195.693064067184
823 198.06576009465857
824 197.07838525621605
825 199.4856161227182
826 197.4061786147544
827 197.46102193719557
828 197.76261440303685
829 197.3573329637719
830 198.99789693025537
831 198.2197839520023
832 199.33488657876933
833 198.5219831325941
834 198.18478552330768
835 196.43746769555113
836 197.88227565465277
837 197.4244571144886
838 197.31696025328233
839 197.84866126276685
840 194.69250340655287
841 197.91113677606097
842 198.0779742853989
843 195.7264713499579
844 198.140494492675
845 195.04244531650576
846 199.0486716728358
847 196.75036799878492
848 193.4083426486996
849 200.22101654052994
850 198.66919955485955
851 198.92487059664245
852 192.18535953843454
853 199.23398222855957
854 197.22191586503754
855 197.291321803849
856 200.2950972237999
857 198.12478574507094
858 197.30018016349774
859 198.44077574948895
860 195.34527036999023
861 197.39780995200022
862 196.46877623648507
863 196.60814163151312
864 198.19842325209635
865 196.74285251129882
866 195.06325738828895
867 195.81311240090548
868 198.91958174096385
869 197.98479107972966
870 195.54452563225527
871 198.0749279428176
872 195.46612361666453
873 195.45228310555538
874 195.47205209973873
875 197.89874851226915
876 199.23024209511334
877 196.46247843093354
878 199.019780021367
879 197.63424537689963
880 198.62070025585135
881 196.35661272385494
882 199.05434787772035
883 195.5660772508014
884 198.74967786113532
885 196.3796009501182
886 198.5832895845993
887 199.14899528635215
888 197.55408238925025
889 195.55618298543058
890 199.0034018867208
891 197.18101482941765
892 194.81381873220414
893 196.07960081258986
894 197.98175753548702
895 197.94092588132153
896 197.90354051770063
897 196.4519223322939
898 197.84088826000382
899 196.02157220994633
900 196.7949516230258
901 197.83935317443095
902 197.62491942939278
903 198.78416821176754
904 195.87978172565164
905 197.2312565385169
906 196.99775176685648
907 198.30858569676857
908 199.03053687866634
909 200.18757886177417
910 197.53531022590462
911 198.1841440420502
912 198.3776041223467
913 197.6996021104058
914 199.5746277326118
915 197.46475449097488
916 195.80357733785488
917 197.5924225334791
918 198.16711551395883
919 196.65979742742954
920 197.95583672018265
921 198.2996138158469
922 196.43958138215373
923 197.67080296506919
924 195.76509079390652
925 197.51668720350028
926 196.51116022242013
927 198.52045547554064
928 198.76650600653545
929 196.03581078990192
930 198.46584681448158
931 198.35892504494694
932 196.81157185222378
933 197.62793544828946
934 200.4802706701673
935 198.52420072454947
936 198.62166665383492
937 198.89470192828583
938 198.67132842721384
939 194.6133484987488
940 197.54374450342888
941 196.73692422359568
942 197.76610939115784
943 198.01146099613592
944 199.31656542266333
945 198.86984969637166
946 199.61907017143412
947 199.44175361314947
948 197.5315864201477
949 199.48353750036873
950 196.3560368267814
951 198.69656667598073
952 204.70710783946902
953 194.42689265193738
954 198.02893691649044
955 198.33656749531679
956 196.84023337532273
957 196.09453191164977
958 197.20463997188773
959 197.1198858654381
960 194.13916800450727
961 198.47275305327975
962 198.69914649138934
963 194.9607833904486
964 198.17716596374657
965 196.20490185317195
966 198.95199517136885
967 198.39819285651387
968 201.62648937474353
969 197.70889234402375
970 200.64948942614208
971 196.84268729343825
972 201.9740485602921
973 197.03750990502883
974 201.1670626104944
975 198.79874575538
976 206.45805431363445
977 198.08512324893923
978 193.3349625825285
979 201.4970435629374
980 197.5034832078255
981 197.72313929697836
982 198.77009297872624
983 196.1198276104945
984 198.15461135184313
985 197.8156545304032
986 198.2298822902302
987 197.68978223469213
988 195.81305923835038
989 196.86604374160365
990 197.11929335841347
991 197.84144286266158
992 196.42784734802694
993 199.66032737050412
994 198.26359440308912
995 198.33040248964792
996 196.86739969147388
997 197.40830666537252
998 198.97748790691836
999 199.03409913833804
1000 197.95874101001297
1001 198.8581942144955
1002 197.11468419518914
1003 199.6058050977216
1004 197.24367901947022
1005 198.88558719190155
1006 198.27687044860525
1007 199.12698564292404
1008 197.67759280314817
1009 197.6298692397586
1010 198.78183724396143
1011 197.39519095090935
1012 197.8496409098669
1013 198.04792708152365
1014 195.55366384336457
1015 197.6440888826629
1016 197.59869146043874
1017 195.82998516189983
1018 206.51269572396748
1019 196.75442080430295
1020 197.81944871113694
1021 199.08460523933203
1022 198.85041759355846
1023 196.91797464883936
1024 197.60578939491887
1025 197.78895697629812
1026 196.7194887870968
1027 196.24247071176055
1028 198.01173293286408
1029 197.43059358272166
1030 198.06223609141298
1031 199.38772218523783
1032 197.42943565078141
1033 198.13221409635517
1034 196.82139795839092
1035 195.73706294254896
1036 198.7273274558441
1037 195.18669937973044
1038 192.13513311950976
1039 198.81239907183684
1040 195.11866850634127
1041 199.19997639398645
1042 196.84728537132904
1043 201.45816798497256
1044 198.18895680759488
1045 199.91226302380255
1046 198.3186350799294
1047 197.8498494234045
1048 195.8880866186872
1049 196.25710436707226
1050 197.7009977944042
1051 196.74633213666493
1052 195.95859983428144
1053 199.63116815441475
1054 198.53721349743626
1055 195.2768876014058
1056 197.6900396519588
1057 195.30654145305732
1058 196.37429151998583
1059 198.51000162026352
1060 199.90346448229116
1061 199.95033443114303
1062 196.97430236463504
1063 202.05028158339871
1064 195.27600281118762
1065 199.92591674451165
1066 198.7649192648852
1067 197.32075277306112
1068 199.05191637566892
1069 198.04944557241333
1070 196.93503431119206
1071 194.0276670324701
1072 194.85878692327196
1073 197.9236321599652
1074 197.05706906301282
1075 198.1348682980938
1076 197.3992040222059
1077 195.93547164648257
1078 198.23865026447558
1079 193.81284987946538
1080 195.1720950278093
1081 197.038731135005
1082 198.00984435505413
1083 196.73264461908278
1084 198.768746500855
1085 198.98058854477392
1086 198.26035325500737
1087 195.23771378212416
1088 194.18386191501983
1089 198.9272970035807
1090 197.96538083617605
1091 198.46099968502372
1092 198.03368479861518
1093 195.62576088831986
1094 197.30447930451425
1095 198.30757866359724
1096 197.81860472219208
1097 196.426262116543
1098 254.321841028012
1099 198.0849317577212
1100 198.23345494238526
1101 198.73361218601062
1102 198.73160681993144
1103 197.1489426901921
1104 194.95130101236157
1105 197.26709629936042
1106 198.01884350606156
1107 197.58524801162895
1108 198.4102699518646
1109 198.5280177796754
1110 197.96664253793944
1111 198.73765952576264
1112 197.16252340969777
1113 197.28007755922056
1114 197.2945954357021
1115 197.08696908373426
1116 196.50201461954742
1117 198.0732847861614
1118 200.84484290282055
1119 197.83194057059492
1120 195.07441892024164
1121 197.6314695814833
1122 196.05159947192098
1123 198.03924425460116
1124 197.14178624222555
1125 197.01242637121956
1126 197.10550655088625
1127 196.49019403059532
1128 198.09525882096966
1129 195.95215951068903
1130 197.08539210169565
1131 197.27615156591622
1132 198.38742431723574
1133 198.86571902388033
1134 198.30142957511757
1135 198.61215701702355
1136 198.73264028592678
1137 199.09017405092592
1138 197.75501180862184
1139 197.97309275332242
1140 194.81948499513717
1141 198.64724130966496
1142 197.5398047545731
1143 197.57718003778487
1144 198.79807934375532
1145 197.1463088348067
1146 205.6972672213298
1147 197.99735967176437
1148 195.71471584937092
1149 196.8273472786566
1150 198.12078332283326
1151 198.28931021469074
1152 196.2386074999319
1153 199.00102998024505
1154 197.8040351452295
1155 195.15320187427287
1156 197.11999508413467
1157 197.4761671593152
1158 198.14760859203315
1159 198.95477313723683
1160 198.3926976367945
1161 196.32173947883805
1162 198.7100195267353
1163 198.78552352914636
1164 197.88684181391974
1165 197.78860360818666
1166 198.63660433664242
1167 196.83960087715323
1168 198.62701867072533
1169 197.96044511280084
1170 197.51582215103682
1171 197.67487415356246
1172 198.42610621587488
1173 199.0634901299135
1174 196.41854122538757
1175 195.3343897433497
1176 196.33496378616542
1177 198.71918408385602
1178 199.97487138832972
1179 197.03668414773804
1180 197.7314030091093
1181 198.03482550643233
1182 195.564288489479
1183 196.62557666995113
1184 198.36704992443836
1185 198.5844133913744
1186 232.87395241616474
1187 198.6057652738208
1188 196.3864439331139
1189 197.97773332014302
1190 197.05331885599534
1191 200.08891416554366
1192 199.15584860256425
1193 198.48479327816614
1194 197.54638865097544
1195 196.6115331742633
1196 197.782690894017
1197 197.25325196095244
1198 199.8495588319718
1199 196.80805583834083
1200 199.9498002703725
1201 198.62652567042002
1202 197.33353169705774
1203 199.2839518548419
1204 198.46808412729726
1205 197.93477465625537
1206 194.76288596174973
1207 197.99024286293627
1208 198.34034329387887
1209 199.2082448332197
1210 197.31322053944248
1211 199.3331339279739
1212 202.21139317528522
1213 195.2617429742545
1214 198.36843439438763
1215 197.3295114925427
1216 197.07496605294222
1217 198.89985172827417
1218 196.58331769157562
1219 197.37747094190482
1220 197.2411007260685
1221 201.99529735982574
1222 196.50086997998716
1223 198.77879173047384
1224 197.13887465662094
1225 199.09321108879982
1226 196.31911630929574
1227 197.6864278104325
1228 196.53476014087184
1229 196.26176559841744
1230 197.27438646329765
1231 199.27452643015417
1232 200.8601281476782
1233 197.44723836837403
1234 197.90216233931196
1235 197.60629752354424
1236 194.68069639287359
1237 197.30813215855758
1238 198.60316086141646
1239 197.509266128245
1240 198.16247841224893
1241 198.96293283798755
1242 198.57051644189275
1243 198.29647266123308
1244 199.04525651668843
1245 198.39297603637775
1246 196.2681516253118
1247 196.5169734687812
1248 198.2149709420655
1249 199.00468409164677
1250 198.52199061026485
1251 198.30139761329323
1252 197.2465123920141
1253 198.60672474782353
1254 197.5758294424494
1255 199.34335825988353
1256 198.31571775576757
1257 197.8093736304468
1258 196.72893319717824
1259 196.3247725201391
1260 196.40553713944146
1261 198.90201856002858
1262 195.92542205624818
1263 197.23604573706317
1264 196.4868178744779
1265 198.26586727607415
1266 197.98210476211412
1267 198.86204969610466
1268 194.30183850981714
1269 198.66371531182205
1270 199.730105346942
1271 197.91435550412584
1272 196.74835178352686
1273 199.37678357506385
1274 196.43784151563628
1275 200.0265415088267
1276 198.89281714856057
1277 197.50470250613935
1278 196.40443502773923
1279 199.00961984708738
1280 198.45487566917345
1281 197.9486061524905
1282 198.85886710282074
1283 197.26809615894487
1284 198.4783605206516
1285 197.06392988565347
1286 203.95312234063874
1287 196.17449663861902
1288 198.19332668127717
1289 197.43339960945661
1290 198.8255265993605
1291 197.05202214407421
1292 197.69097614998734
1293 198.8946900092172
1294 197.88132423697755
1295 197.72332045667375
1296 198.56646354831707
1297 196.1407899969533
1298 197.70090914363416
1299 196.78410781758285
1300 196.95458662783702
1301 197.31225871303275
1302 196.71933058263718
1303 198.65267091003372
1304 196.74362173148734
1305 198.93751930008804
1306 192.24393673279118
1307 198.43845357669352
1308 196.4503300938813
1309 197.37225831574364
1310 198.0378181801135
1311 197.32016470157717
1312 198.7668218511324
1313 197.10598922498153
1314 198.28815877307377
1315 198.2755537688244
1316 197.78328977064317
1317 197.85590528861766
1318 195.3816985450992
1319 197.6208185836501
1320 197.16098117963023
1321 197.37448021217114
1322 194.98942799640386
1323 198.8468151000688
1324 197.51012632267745
1325 195.54167855184483
1326 198.22693838280486
1327 196.98634900069925
1328 197.68986635397684
1329 198.1007342546244
1330 198.9901719005968
1331 197.2905174198406
1332 197.07977498273982
1333 197.27317192416024
1334 199.08056705047085
1335 197.5706951655836
1336 198.10645165318005
1337 197.48896687980815
1338 194.71367925317782
1339 198.17829179071987
1340 197.29914257785936
1341 198.62696120973087
1342 196.10722228254707
1343 194.77017541013194
1344 196.34698329031846
1345 198.0298925992255
1346 197.70262136508688
1347 193.80126010074457
1348 200.79793474986562
1349 198.3561520537912
1350 200.91921777661312
1351 194.2641849106895
1352 196.41362555200962
1353 198.94762990274137
1354 196.86727082045243
1355 196.68981647495923
1356 198.64861553086863
1357 195.78971160556623
1358 195.3350827357966
1359 197.27711343173675
1360 196.89794857364424
1361 197.68772551020388
1362 194.48538949433646
1363 198.51570516940478
1364 197.38113834990529
1365 197.10371135395835
1366 197.50253162934393
1367 198.29989773997212
1368 198.73552009021304
1369 197.87958204536145
1370 198.92221450833503
1371 195.77506153463293
1372 198.34788562063758
1373 192.38138772994753
1374 198.897100533999
1375 197.71690952529485
1376 196.3557054960568
1377 198.44678597273526
1378 197.83099736599706
1379 195.7622246305046
1380 198.69879168947395
1381 195.40020619001993
1382 195.9837527969092
1383 198.93054774219863
1384 198.27915048532338
1385 198.27576414032103
1386 198.34810578113735
1387 198.58114604914775
1388 197.1524751229195
1389 195.37431751228252
1390 198.8684408629237
1391 199.1111874512656
1392 196.08610188146653
1393 196.79555214326425
1394 194.87822826261038
1395 196.89975220108656
1396 198.07408645652384
1397 199.1076536405503
1398 199.2699174486706
1399 195.36883540204164
1400 198.3174263938396
1401 198.54713259078855
1402 199.102574735509
1403 197.82470698248187
1404 198.42222433627816
1405 193.5353935555671
1406 198.17056198616885
1407 196.79074694495483
1408 198.1378905453167
1409 196.70676726100814
1410 196.27221281626245
1411 198.69781751861566
1412 196.25271428925015
1413 197.66407095325238
1414 198.71479790512285
1415 198.55263798563385
1416 197.90781247675406
1417 198.52916000697226
1418 197.67057318147863
1419 199.60693238190174
1420 198.69244312438764
1421 199.00157418512526
1422 196.9734762485223
1423 196.56741367012697
1424 197.1219654946739
1425 198.85597999154277
1426 197.32605562041277
1427 198.52917888174073
1428 196.11345549922225
1429 195.31556577007663
1430 198.16575258171315
1431 198.07869091106951
1432 198.43453674884668
1433 199.2075264564418
1434 201.84828233205795
1435 197.87524483352792
1436 198.43623260041258
1437 198.0032716000542
1438 198.93640459924987
1439 199.58032872775624
1440 197.47944012976396
1441 198.0435063744792
1442 198.94837225928956
1443 196.60855134943355
1444 198.9544349677399
1445 198.16423309731044
1446 198.0057452746701
1447 197.9898987322333
1448 198.0495638066515
1449 197.06914529622492
1450 198.82154688075224
1451 197.57121272674976
1452 197.3258725546742
1453 196.89296358008255
1454 195.3865413956421
1455 198.28937730883368
1456 199.6745482229827
1457 197.6252918057654
1458 197.04224401590503
1459 199.03726475954414
1460 196.20628400752932
1461 198.09661456428924
1462 194.65878033110084
1463 198.36226340078736
1464 196.79177963912775
1465 200.01587224028913
1466 195.53064225381524
1467 200.04391907404977
1468 198.7472128569638
1469 198.13779368400733
1470 196.06210342925993
1471 197.10797733415447
1472 197.18375033635238
1473 197.41418250413838
1474 199.52507999312814
1475 198.26333723672465
1476 195.4496053828844
1477 195.81261864687872
1478 195.91643523021375
1479 196.56185197325206
1480 198.95331505899935
1481 200.06423497878706
1482 197.4667802686243
1483 196.84434171621544
1484 198.57716938535452
1485 198.4226601745701
1486 194.4308408646527
1487 197.91974664203153
1488 195.59797230731425
1489 197.26405199334954
1490 195.30230885712015
1491 197.9091814157414
1492 198.11354759231014
1493 198.40522296961953
1494 197.95704281299825
1495 195.89991866843536
1496 195.76935633411074
1497 198.55468525112747
1498 197.62810535798556
1499 198.4377146737515
1500 197.1464367520335
1501 192.07540846954322
1502 196.74543647643665
1503 199.8004196798701
1504 197.20378395809408
1505 198.67530499271172
1506 198.3436434805997
1507 194.56425673797332
1508 198.5223819759492
1509 195.85484368381776
1510 198.33417194827783
1511 196.5153655161208
1512 199.04973674821858
1513 198.14615850080364
1514 196.76527338236468
1515 198.88574954699789
1516 196.6053876014039
1517 199.38347931169363
1518 197.90989495099942
1519 198.34391698783637
1520 198.47346147718704
1521 198.97032144687574
1522 195.41338797919497
1523 194.8801761148954
1524 196.49909425352902
1525 197.16608253642067
1526 195.63369161250972
1527 197.62778016201162
1528 198.05333642207387
1529 198.08873622652962
1530 197.8480651020822
1531 198.7311860841268
1532 198.62743296713535
1533 197.87896440088085
1534 196.10747960082762
1535 197.08457159779397
1536 196.88843261627477
1537 198.9910654617371
1538 198.45300003908707
1539 198.87304070215288
1540 194.77336141696978
1541 197.61057974452893
1542 195.0647677090591
1543 198.55898285520954
1544 196.96078703894347
1545 197.95217972383975
1546 196.74808534606993
1547 197.18514396982025
1548 199.0596715173305
1549 196.86844341584055
1550 197.8137209780539
1551 197.63138083394162
1552 198.23241197097698
1553 196.9939771954897
1554 197.1600594670892
1555 196.45709893829218
1556 202.76658228840964
1557 197.29698456490613
1558 197.1774611490894
1559 197.33339150229773
1560 197.75467793908697
1561 198.12889946328303
1562 193.1140629842659
1563 195.09632252069704
1564 199.0800461766871
1565 196.91119725688523
1566 197.05163438264935
1567 196.41232941483554
1568 198.70673708245926
1569 198.4112858335804
1570 199.01131405262313
1571 198.7858924883254
1572 197.457885274172
1573 197.12512269965896
1574 197.64239646082444
1575 196.806471526235
1576 195.86141936196026
1577 197.0180725673127
1578 197.74835547634777
1579 197.03934223030421
1580 198.31257749234084
1581 198.64486869613094
1582 198.13623220911035
1583 204.19252976300055
1584 195.03475215351654
1585 196.73681612876592
1586 198.11884760709427
1587 197.8460039885986
1588 197.7410848534977
1589 197.9216390631271
1590 199.5914443553333
1591 197.93217458115248
1592 198.31227599360193
1593 198.40314108025942
1594 193.91164727576555
1595 197.3272603583614
1596 199.0609335809057
1597 197.65971130679102
1598 197.30325469419424
1599 197.41782095245298
1600 198.07028487336314
1601 197.4338994893246
1602 198.0467659757206
1603 196.3198594079195
1604 200.6154343680672
1605 197.71973051889424
1606 196.98845495693388
1607 198.23841350502377
1608 196.90579931721786
1609 195.47138338618004
1610 198.35026260995343
1611 196.8877306279301
1612 199.08813138772229
1613 196.3568034919624
1614 196.64599757166386
1615 198.92703978176354
1616 198.3448418055514
1617 193.88801249708783
1618 197.91060520115417
1619 196.04053896172442
1620 196.4476765026289
1621 198.54634443266383
1622 199.0784631903793
1623 198.65312401372182
1624 198.51999218049608
1625 197.22983828256227
1626 195.04935829700554
1627 198.68349797398312
1628 199.2413478524
1629 195.886819463584
1630 198.08870458079033
1631 196.56077753489564
1632 194.5930258572984
1633 193.60625248261044
1634 197.42180253764147
1635 195.5571143206846
1636 197.36847757910064
1637 198.69890810225908
1638 198.51897163266224
1639 196.8454086990672
1640 196.14172879811187
1641 196.4261129640194
1642 198.22264920059175
1643 197.13873368604303
1644 197.95584682362542
1645 198.4602836919831
1646 197.91988721320763
1647 195.6430892005454
1648 199.05285367332135
1649 197.6639351965907
1650 197.3544018168256
1651 197.44673536110747
1652 197.37712103480177
1653 197.86350855169806
1654 198.87911951226974
1655 197.61963300411372
1656 196.060785714034
1657 195.03521423853638
1658 196.90660474228272
1659 198.14378305223315
1660 198.48791690563124
1661 195.5975512357588
1662 198.13918028117675
1663 196.92873174634968
