0 197.97270271561686
1 195.41195834807445
2 199.53618589048153
3 218.84723207884093
4 205.0178686888896
5 199.5950400695254
6 199.13810162512763
7 202.55083587243058
8 199.8500296752325
9 208.25633487660824
10 197.16107717038048
11 202.54516858065713
12 209.19602627177872
13 202.23920436660765
14 201.86690083134428
15 205.3757335918166
16 209.46166001857077
17 211.43459092101705
18 203.94317968411468
19 220.4419743428652
20 200.49543985888425
21 216.29433267220233
22 208.92141627430686
23 196.33051452484864
24 216.58408880408385
25 212.35880258106545
26 207.18491957067707
27 200.0609112066857
28 203.01645298564236
29 209.17885851888218
30 197.68809179303432
31 203.79771928641014
32 211.1750853803794
33 200.57410058613533
34 200.70430946276963
35 205.77830618171635
36 200.04812831570072
37 210.42617691837117
38 199.83345507424193
39 199.45400472497067
40 216.3335740918966
41 199.14143316654847
42 217.06994907206393
43 208.61338718594877
44 198.53059690775802
45 198.2099991283693
46 211.7031801659056
47 198.16732788399983
48 201.09492028987106
49 203.18566139480455
50 208.8135413879102
51 197.24884919172976
52 214.99112374251348
53 202.74369455791424
54 202.44658776555661
55 211.3437030953917
56 209.21634173793626
57 197.1630426449891
58 200.63683891858665
59 198.2609608681511
60 199.15272961284933
61 202.38570263996402
62 211.1348488286591
63 199.79339493392635
64 213.53563005813598
65 201.061441074525
66 202.04661905403682
67 209.0309024485578
68 201.34902854931798
69 201.28153956431112
70 208.08714980041643
71 208.86442762792942
72 197.23977472096607
73 203.07944425627602
74 199.7470654465182
75 210.8859161739017
76 196.39887788667716
77 197.05558936081894
78 202.47760297531912
79 207.40560571552953
80 199.4339742988934
81 211.42888438141057
82 206.0912647858205
83 198.22908178691733
84 207.6998276295223
85 207.44341161768563
86 209.0888090225893
87 203.1533902595071
88 197.27908061960008
89 198.96723368488506
90 204.3900587977326
91 203.7828340705733
92 204.2533907116378
93 214.90761149139237
94 217.97541255544357
95 203.20743468171048
96 207.748711062796
97 205.17169174393754
98 209.54537857205878
99 213.42325213963255
100 207.1348807914109
101 199.35307358471852
102 205.0703634097013
103 204.49866325713396
104 205.67080245033267
105 199.51338474181114
106 198.83023265446852
107 203.0088856376535
108 200.5984190893051
109 211.41851409242088
110 207.07635885849902
111 205.6896929179742
112 198.61331778105918
113 200.8962710138896
114 208.72318379327052
115 205.46067766351604
116 198.45679547041973
117 199.42651189467955
118 198.51481155942207
119 207.50731732586297
120 207.22213775692515
121 207.15042274155917
122 201.04614383946608
123 199.1902990141306
124 203.5578280317567
125 207.36108347930846
126 204.2531591712069
127 197.7049130331908
128 200.54053790331298
129 209.69158317221624
130 198.57894349921563
131 212.11534216412176
132 201.6181354509293
133 203.54917257314176
134 206.63710382611814
135 204.1329342299215
136 196.5943845537233
137 198.16168988041096
138 197.1683058646929
139 205.240280751477
140 201.9813370691927
141 205.12231220703367
142 203.68634351190462
143 199.02028009118726
144 206.11320367396496
145 197.4460232670275
146 197.65269399642622
147 203.60776117300313
148 201.5914593876841
149 210.89165641217636
150 199.98886285448762
151 211.3793617109565
152 205.42917221297563
153 208.8920819382613
154 198.75339064551682
155 203.62883324437578
156 206.81415281202746
157 200.55206577710607
158 198.8014588181376
159 211.43954459897182
160 198.85998617046292
161 201.38708996083793
162 211.0861279797721
163 198.17143139489627
164 206.91574652981558
165 199.08205118976156
166 199.3918688612462
167 202.37905757210476
168 204.62056801500685
169 201.81612882331788
170 202.2712179542109
171 199.86235837309124
172 198.35697177540303
173 216.59867212467194
174 209.69858772044026
175 211.87371713629298
176 203.32891449286805
177 201.55920709048405
178 208.04984874458387
179 201.06637127889175
180 208.89453424846937
181 202.39528278306088
182 204.0774352046186
183 200.67107513600882
184 200.8171842900482
185 211.5337308066213
186 205.64468239477682
187 203.69142734447493
188 216.06310572393895
189 203.59405577181406
190 214.2435660343981
191 208.28126532411457
192 201.2200399382812
193 198.9320988754172
194 198.96815053592914
195 207.0107529065965
196 200.5730196704144
197 198.91166983849038
198 198.7718541443934
199 199.65179328205497
200 203.3212334400663
201 199.85144571801584
202 205.49873622605233
203 199.17698036586
204 198.78984828130095
205 205.93607161107974
206 202.25810042908668
207 197.99114314641136
208 207.9832097181054
209 198.2963975895583
210 198.8049279231988
211 214.74988352886575
212 207.5575782431322
213 201.76421369460505
214 216.33446181183004
215 200.97699360005996
216 207.77177509381113
217 209.72338926383154
218 204.18624723787198
219 197.89995835716977
220 195.4239246729687
221 200.65241829283673
222 195.805879090729
223 216.6980271414085
224 205.3474904209418
225 200.8460895195825
226 200.12541078235444
227 206.53102253422674
228 212.15186226621185
229 198.6403685106854
230 210.2296647223888
231 200.99665077037363
232 196.30843079195554
233 196.61287138731333
234 210.77424278209148
235 196.85805230483504
236 198.51947178722938
237 214.04928141255886
238 210.1417573134817
239 200.96296845589868
240 205.33727547892246
241 201.40139507071564
242 211.19163575082746
243 204.53802332590058
244 221.03219763123508
245 201.99640919259397
246 199.09335701935265
247 203.11209759205605
248 202.00292371287628
249 206.2959101027444
250 199.51091567069517
251 208.93579400013775
252 201.47338778457583
253 206.25560538905387
254 219.52348968140336
255 211.36875156999213
256 191.86202671365558
257 206.1701260816253
258 200.57948156905482
259 197.16530925527778
260 212.15763086276505
261 205.62953617156333
262 202.60633011463113
263 198.14841216999525
264 208.35099637009807
265 201.3123400276495
266 203.13993589012776
267 204.73610253725522
268 201.2639642656295
269 201.24696333162987
270 198.77247575558854
271 207.60916855570227
272 198.3703439604666
273 200.38817150666833
274 198.99750437250313
275 204.35428376189805
276 198.3518838834175
277 211.15819070264652
278 205.2682847124129
279 199.67426968492606
280 216.81329536964225
281 198.147625352049
282 213.70829541443462
283 214.35161712130162
284 196.27984343815044
285 198.43396131547564
286 210.05739239494545
287 198.74635146624675
288 203.30637869721537
289 210.60990311509013
290 207.23432260830128
291 209.66428453258766
292 198.0709936185136
293 196.17714162698243
294 200.6551133948179
295 200.9489408055821
296 208.1195242809028
297 203.12342563755794
298 195.54270906842288
299 203.03986672263676
300 204.51313700082
301 206.25081476980975
302 214.37978473150594
303 199.23313440969042
304 198.9298674102452
305 203.34881954971155
306 202.5519659403246
307 200.43074136682796
308 204.9146317437274
309 202.31895509576222
310 214.1549470531067
311 211.33966540083475
312 204.81386518450245
313 200.90432209341756
314 214.55944059938815
315 198.90121072949603
316 201.95226552288997
317 205.0829279140222
318 204.48191243171098
319 199.79011750810417
320 199.34875840492026
321 203.87182580571366
322 208.62867190668786
323 199.91723311652387
324 202.43953380840378
325 203.13300705902742
326 199.29797842540788
327 202.60055768979603
328 219.20003113023512
329 200.51436558741176
330 200.10578884044602
331 210.38826897501815
332 198.77704719708987
333 200.3541737191889
334 205.6264931864232
335 200.47540079696876
336 200.57030235209044
337 211.96944979583216
338 206.4639149827923
339 199.97006312874746
340 199.81271648250004
341 202.0290431856904
342 208.12332475843544
343 197.55570065254742
344 199.19470591597448
345 208.286391322664
346 206.75371070554138
347 199.07331650417154
348 203.189932473931
349 204.2313168413618
350 215.6990537322971
351 204.19353956896362
352 209.5761515117391
353 203.46698344071422
354 200.75586950288914
355 223.02289701598647
356 205.60307261576523
357 198.85019925567
358 206.3942363164396
359 204.4969097193983
360 218.05390359136453
361 202.80413963517654
362 210.76284712780657
363 202.18035032147048
364 204.8980244997583
365 215.70691042053963
366 211.84393852869485
367 213.9043572772019
368 214.07177362375432
369 210.1938109607105
370 204.00247786851563
371 205.7197259061399
372 219.06397025568995
373 200.58864184532277
374 197.40751154582617
375 206.15668522602184
376 215.40490135037268
377 205.54520935425992
378 202.9770173081872
379 197.9041127414964
380 215.69103029652686
381 206.5657943325088
382 203.82067116264477
383 216.5857520046788
384 219.76106167237373
385 200.88305887531232
386 209.7271623182226
387 206.3239200597028
388 203.96048155062178
389 204.68161325363653
390 216.89093629734137
391 211.386275202094
392 214.5100427323549
393 198.47103465322044
394 200.48010024998356
395 216.1455818340229
396 198.9162940527815
397 199.48457734244144
398 216.90708097006913
399 204.0466876248847
400 200.76087013946173
401 215.12578972654987
402 198.16207122537134
403 218.34397124534425
404 215.09798811959158
405 218.92032722706364
406 203.81873053891766
407 219.8367297198376
408 198.66340542046203
409 204.58441123297675
410 211.05121562112907
411 210.18254264172523
412 199.21256139452595
413 200.0493027120567
414 199.71290966526198
415 207.4567999252929
416 207.20327651041217
417 200.96014827025812
418 197.16046452460208
419 204.29434992293713
420 207.08910790050768
421 196.81030326688642
422 204.89547935002594
423 213.16067928720818
424 202.01766173674713
425 208.47080089297327
426 202.23671044614014
427 198.50772288230038
428 196.1554849517504
429 204.80185780054208
430 204.46694199955198
431 201.3600851226892
432 200.18107343034586
433 197.5636576426663
434 211.16740435548797
435 211.77876450582394
436 203.86427317814238
437 206.820741112517
438 199.34106958244385
439 201.5355544207417
440 213.24601370827207
441 199.0820328919374
442 213.0558786309499
443 207.66119080690572
444 199.01506621076018
445 211.61124318066257
446 210.01209982410103
447 206.01002953125706
448 218.59069928152707
449 198.4542440116127
450 200.16781797116755
451 201.97740863802412
452 208.41607343663316
453 200.0059910182215
454 200.39575818507205
455 198.23523563893457
456 211.59771556654147
457 211.3942853642158
458 199.0566074721024
459 199.88015571109977
460 200.63066937332687
461 204.30469356745164
462 212.6340966918244
463 197.5154298971249
464 200.3316317338832
465 202.85206974783756
466 205.12224306552474
467 202.91058714269732
468 197.35296594851957
469 202.388363239444
470 206.07165935496897
471 201.93817192217992
472 205.12899980733303
473 208.32066505785858
474 199.61475986657814
475 206.97664013605808
476 204.42393795734375
477 196.01050666471352
478 204.86175548383778
479 203.28879564012533
480 202.80388395014066
481 208.79942303709961
482 196.2973232396714
483 202.68807805128867
484 207.2355787877347
485 203.86641585079565
486 202.83071106665415
487 198.66530354535917
488 199.2016057407805
489 205.8562007778708
490 204.5694701890674
491 197.86886510472772
492 198.99355761307052
493 202.8306454515329
494 208.3580465850248
495 204.6001905318448
496 204.90330131583997
497 201.2188498844988
498 198.89245126654802
499 202.08659429419893
500 199.56395250852654
501 216.91414775990478
502 204.51715500322163
503 200.5042843397792
504 196.29275526295925
505 206.6193995857762
506 213.95266996467552
507 199.38388321698244
508 196.3711359581343
509 215.60226697130113
510 203.5566226379894
511 204.23913091622995
512 202.5162405007976
513 199.31686615669497
514 210.59134006721456
515 213.91044194428352
516 205.53446879762075
517 206.5475019157312
518 213.03411008488308
519 212.23631143042655
520 198.0308372208105
521 211.01268752679326
522 218.30629638353275
523 207.28057236891587
524 209.8835776524898
525 202.27060417575902
526 211.37815380980777
527 199.09183622440628
528 211.02195211591004
529 205.9618510811924
530 200.14895149940537
531 216.8688131834053
532 208.00244053166494
533 202.24472670485844
534 208.72801474016273
535 207.64628046439753
536 211.15846870799479
537 202.3810356399305
538 212.26323205238236
539 211.36591788015855
540 210.03154689807116
541 213.1731349357856
542 199.94258582243486
543 198.15324960649747
544 198.9977320051837
545 201.14700649983172
546 204.78593759406075
547 202.00319931560855
548 214.92898344878589
549 208.38212243291173
550 209.66083278800878
551 196.897284596307
552 195.463326357656
553 204.19439221040807
554 200.35255774373212
555 216.16956035169747
556 207.99895427669549
557 204.99274268402064
558 204.00147891117885
559 204.94119487734804
560 212.6028091387313
561 209.2383850103257
562 205.3539597673075
563 206.1450069683036
564 201.64165468929846
565 202.80853483765222
566 219.97689966882808
567 216.5472061920897
568 204.60819460608533
569 197.10992914646008
570 199.3041665476932
571 209.92671958854984
572 200.06627915986522
573 216.74437865695077
574 206.29411402027958
575 199.11695328810802
576 197.83360563313812
577 195.2789406192129
578 205.81182204636906
579 204.12563786230618
580 213.2634027954859
581 213.88730836743076
582 198.0974184259926
583 212.5035556942933
584 215.1001012459591
585 206.6426145880881
586 225.32137268595386
587 197.35594706199538
588 209.6034220605025
589 209.18172790731913
590 204.63502514693366
591 199.295964123978
592 197.41796574372424
593 204.39901046065967
594 199.5734114371073
595 201.71226188022177
596 206.15965747450403
597 198.01073203238252
598 199.34865842988546
599 211.82413665874785
600 206.26324468601544
601 198.3316528953411
602 208.30961526659368
603 206.3767585510707
604 219.02995838490565
605 218.198078008665
606 200.66671927051618
607 208.41235137449738
608 210.69553606605078
609 202.36791967136986
610 203.5110583335588
611 213.16929004449364
612 206.5768072550371
613 198.52244191903006
614 203.75968844866077
615 204.34549466839076
616 197.36169675131907
617 210.57724043764998
618 197.91396710314763
619 206.67077475721925
620 216.6213582019555
621 198.6720637192801
622 207.68107751971084
623 207.7399492909893
624 213.78921387068263
625 207.47803583902203
626 207.25607788778402
627 195.47174492427922
628 201.2516132514755
629 212.6375204920008
630 198.0887551089486
631 210.27983512222883
632 212.41941945740535
633 198.92010315257934
634 206.5022495888901
635 225.545456375967
636 205.97680317001414
637 208.16998452966556
638 198.69704242348487
639 201.74639432689276
640 197.01636141263677
641 200.26190807492708
642 197.9985991587338
643 196.0478491559183
644 208.4063894042165
645 210.91551491468118
646 214.1699938708572
647 208.25058557146397
648 210.5269328171555
649 208.15242053659242
650 208.70720917798215
651 206.9882647324729
652 209.85635905304906
653 200.94491415946095
654 198.13702380896913
655 200.13558327326956
656 205.61259457095434
657 202.52398234638622
658 209.95044605706465
659 197.6203657396436
660 196.00891291880316
661 199.5342448531231
662 202.10157579538514
663 211.74930096574374
664 207.41913073912815
665 203.73752175671862
666 201.52736137144078
667 206.84794982508748
668 197.64364058801533
669 207.86220593354582
670 215.2110236872988
671 198.92468890783744
672 211.50600933244422
673 199.5296070882607
674 199.1496461287793
675 201.45881950241068
676 207.32017076935526
677 199.55834632917032
678 200.75477652910462
679 205.56161009493167
680 201.63031545885474
681 198.1553789100193
682 204.7743419353386
683 204.42772470371307
684 199.9893011893921
685 197.50392697815084
686 198.05839745043332
687 207.72218063216215
688 203.18128549558298
689 197.17348598989483
690 196.8640436773883
691 207.98519967063888
692 209.7944251973868
693 205.48832701114506
694 204.9044353557587
695 205.39136036448596
696 201.91109638982206
697 213.132076914791
698 205.38089673236266
699 204.58654414348052
700 206.48216963660678
701 201.4904940632723
702 201.53694959231308
703 208.56859087900517
704 209.12526364623577
705 201.53687937942652
706 210.46187132701414
707 199.42060194953143
708 199.82305298291504
709 205.71338813451663
710 196.168763133267
711 202.7586509103813
712 198.02643804458936
713 205.20463882493647
714 203.97590790215443
715 201.46913609931886
716 208.17984506593558
717 207.1627197424886
718 206.55360157118193
719 206.95428936190825
720 198.49894882757607
721 205.7453578647815
722 209.53882094555314
723 198.40372007270173
724 198.0637523627178
725 194.2150145359914
726 219.5994122769901
727 209.6148564891949
728 211.35972158769343
729 202.1993553908837
730 198.57668874902498
731 208.0822977665724
732 201.00431080634056
733 201.96578142486345
734 203.7184892640414
735 209.60656412952056
736 210.37693619018714
737 206.06074696160007
738 201.23401865724776
739 199.6770377773854
740 199.92707857038587
741 199.31331182709823
742 199.627795708563
743 200.5327164746545
744 210.28845889481755
745 201.25679489250354
746 197.48966078465327
747 217.37122699183234
748 217.35572237992582
749 208.47137006767383
750 205.37265930167604
751 203.3233104622239
752 208.96409975144562
753 202.60225960661504
754 208.79327618492405
755 199.0488827810754
756 213.44599214652644
757 207.52213524743613
758 213.1895160684437
759 214.99682327240686
760 206.63221663532593
761 200.6970510283303
762 205.76505851280356
763 202.840369859099
764 210.41649615064696
765 213.11288155461887
766 197.94858048535568
767 204.12785161346972
768 198.6092354101512
769 202.40609145523203
770 204.5316188544592
771 217.76898252917417
772 203.00936413188555
773 202.06508901668838
774 200.21327598828788
775 205.22035189814798
776 203.78215787595244
777 204.5457344458361
778 200.18984545005839
779 202.7655986994596
780 205.01464442002373
781 198.26192395340883
782 210.78496700213967
783 216.68361951098893
784 201.61420121288432
785 199.68384336440587
786 201.48792808305242
787 199.13292732892353
788 200.89582508496625
789 201.73249422707661
790 199.64417699819887
791 200.8153147626653
792 200.27073550584913
793 201.63988928250077
794 207.94566806922612
795 205.32728304909344
796 201.29938447038677
797 198.92458929780585
798 202.1031970750088
799 204.52385853664327
800 200.51266842544652
801 200.15590485017006
802 201.84070366936876
803 202.63486571369594
804 201.71393642486711
805 203.59253923195908
806 200.68796125290447
807 214.21042728367092
808 200.18871026298686
809 203.76947779990581
810 205.47710562111985
811 208.46898913876817
812 211.38400809989665
813 208.6682832621811
814 206.99269856843307
815 208.3950379005834
816 199.38363420674816
817 210.74628318888094
818 204.0426950761917
819 200.24713603661743
820 198.5257845382287
821 203.4770565840839
822 199.80239851750653
823 201.33317965532854
824 198.39676781582844
825 202.99543265719242
826 221.8133437522586
827 207.24316434828037
828 198.33325882648865
829 207.86491679627616
830 200.08658629930795
831 199.1478522456541
832 203.45849491776642
833 214.15414108715282
834 205.3355524506556
835 200.11234656289272
836 206.90873850160588
837 197.72939289584536
838 210.39989901646348
839 205.38917673411726
840 198.80536228048337
841 217.2014767540823
842 206.16620247269265
843 205.04287101278575
844 200.03674013651292
845 195.7829658334003
846 219.65435503087446
847 199.47426631868217
848 197.47057995621373
849 203.24109352011303
850 204.78491380218125
851 205.12269627755288
852 196.79834964249395
853 199.10092653543433
854 216.86627243641018
855 198.06873948692956
856 203.64142297141376
857 207.1746843280718
858 197.89619082096422
859 210.12081107643715
860 202.04864524474365
861 213.430697618505
862 203.8802576513466
863 204.2975648288986
864 199.2458441469556
865 199.8607756294337
866 198.1859883652168
867 202.12359364664823
868 198.91958174096385
869 212.6089139786264
870 196.00743287611994
871 197.84883719642792
872 220.2742581207319
873 207.65254050601484
874 208.79107426640857
875 202.70982899788333
876 203.81658487385434
877 205.94884165599976
878 202.80302578647976
879 198.01701431837407
880 200.43862417609716
881 215.30012123381894
882 204.4480577559937
883 196.9223642716818
884 212.109213917329
885 196.94235771294245
886 201.31834263718608
887 216.4932633158602
888 210.27172683751283
889 215.6990799821555
890 208.31999595488836
891 214.81664507655762
892 195.13237797442727
893 203.56112931437661
894 203.30443928511215
895 202.9700192761344
896 213.81067767436454
897 198.0651404155352
898 199.0534635145222
899 215.75049917024083
900 196.8561946132634
901 208.94650542908292
902 198.92198924073253
903 202.1237758402464
904 197.03896187796153
905 209.6727795128738
906 200.1420953651782
907 202.25044603399175
908 215.3898400092833
909 202.0419527889581
910 209.0056217678783
911 198.54743137948054
912 200.18366378920803
913 200.99202617866038
914 213.05405427485627
915 214.55314405657836
916 201.64080947257406
917 198.93924134917665
918 207.94135772903482
919 201.0554142414896
920 200.4843280294484
921 202.00388889339192
922 217.20836822658183
923 198.28499715609647
924 200.1329988815443
925 207.46587941027622
926 199.45739447328612
927 200.58108788650725
928 210.35311605754492
929 201.35062944832384
930 203.90457945238137
931 212.8138481944329
932 204.65775774772746
933 197.5485680025767
934 203.16663218285197
935 208.20582399388255
936 218.23537823867605
937 199.06147713349907
938 209.01534274250469
939 198.95032508742264
940 198.28295813086766
941 203.04813117376514
942 198.96065338364963
943 213.8169708337362
944 202.9276145683298
945 210.98857636324453
946 212.4532328967828
947 201.70011375740685
948 198.42150005378076
949 210.79293623234534
950 203.25200274384346
951 204.24902865971387
952 213.62801255011462
953 207.89046792642765
954 201.6434901198989
955 210.17687699065522
956 198.84280316100217
957 196.3334107914185
958 201.66079879519208
959 197.601551515449
960 205.22815753933554
961 211.41108102354806
962 204.85376785558586
963 196.0142340618894
964 200.06269605135435
965 212.8759261173207
966 200.38713631703544
967 225.52913404467984
968 197.48576978146454
969 200.63821528544324
970 214.4241226006753
971 200.13504491825654
972 202.52788146266403
973 209.59888324226438
974 203.88248010311278
975 206.23517652634948
976 198.52041078264403
977 210.3633649019875
978 197.21396840463157
979 200.82955960900526
980 197.62650285610718
981 209.53491178166806
982 202.34790613516668
983 205.779509115787
984 198.15461135184313
985 201.77140391888315
986 203.8478196450406
987 219.97754907942564
988 207.1744502185256
989 197.9978202854038
990 216.29780284238126
991 201.03418548359238
992 204.0554123418499
993 204.0367213098892
994 218.2650171041361
995 202.67855689417098
996 203.4032757801572
997 204.12785930152168
998 199.53954801546845
999 207.83970979539285
1000 206.92853135866085
1001 197.90914459076345
1002 214.92431159276927
1003 207.56861649869322
1004 196.93270861123872
1005 208.162680149071
1006 210.8980045430347
1007 211.39153492632343
1008 199.37036806088918
1009 208.12758677979866
1010 211.49118643404108
1011 205.5089496927131
1012 200.80587118875573
1013 198.45221234794732
1014 203.31057043181715
1015 202.94866979835604
1016 212.16027240933192
1017 217.04795407364517
1018 211.6448716940201
1019 207.94713972633969
1020 202.59804234381906
1021 200.84378809659785
1022 205.76309802987052
1023 198.61729616366694
1024 201.91656225777152
1025 214.20225775955714
1026 211.8606021161023
1027 208.57461071615015
1028 212.0582463824023
1029 197.70130588231152
1030 210.5845306857472
1031 204.86912071889216
1032 200.16975090992136
1033 205.4833562075015
1034 202.60256284653087
1035 202.24810813854586
1036 199.156608873143
1037 202.67039176139747
1038 194.55228244081275
1039 203.67701770322134
1040 205.0422807696827
1041 214.83399663657457
1042 199.68339571550857
1043 201.36505453040024
1044 199.7780023384934
1045 202.3658844376062
1046 198.42869629742603
1047 202.05932286158236
1048 204.41572751669676
1049 207.39802131817922
1050 198.66632150803
1051 198.23838572979335
1052 196.14535852593073
1053 212.82768725080066
1054 200.6711731702746
1055 200.33092571891666
1056 215.5313965555993
1057 209.01494986727295
1058 199.97417429726093
1059 220.40349941765018
1060 208.89056388822365
1061 202.95877505480217
1062 208.74993131832574
1063 206.89512735281733
1064 198.18108139877324
1065 203.16324358902267
1066 205.15599662367387
1067 200.24018109874908
1068 217.40793209109916
1069 202.17692046792496
1070 210.33541366645522
1071 194.08783090716943
1072 196.02824291597258
1073 201.80837698075388
1074 201.46408673420095
1075 215.79978303072633
1076 208.15006869135988
1077 195.53143511740316
1078 204.3540175217589
1079 202.85122256715627
1080 198.8756238653323
1081 202.4230145570327
1082 217.68039043095897
1083 207.80408515108496
1084 210.62020539653375
1085 201.6193745008124
1086 204.98127273311988
1087 197.98540185039235
1088 208.49861638431383
1089 203.94024165832923
1090 199.1157601522526
1091 206.67571713521411
1092 198.35495337573798
1093 198.19667766136786
1094 197.61533168506094
1095 205.41041419800646
1096 199.51535583188826
1097 198.99165630122735
1098 202.64041115582515
1099 207.4796666264722
1100 203.37851401317045
1101 201.0877240033869
1102 215.2438701754501
1103 201.48318761315142
1104 194.83728946979645
1105 209.72869194295376
1106 198.34319643190327
1107 210.0429269729643
1108 210.60244836850063
1109 206.03608869927973
1110 201.714428458214
1111 198.82443254647896
1112 199.7089826576633
1113 203.5884658080293
1114 198.40218344133885
1115 201.4921587313909
1116 197.31404589051365
1117 207.30171464348464
1118 211.3071215923825
1119 210.99385479934904
1120 204.61542087649389
1121 215.06168299597874
1122 201.4386776189454
1123 209.539149206165
1124 205.13125205419962
1125 211.2942114417462
1126 199.56339137602978
1127 222.43299015358713
1128 200.97850990673064
1129 202.63075518681617
1130 204.88224201022777
1131 198.17541664784875
1132 214.4154334018968
1133 210.5353625298416
1134 216.60045725031915
1135 204.94187574142285
1136 204.44160561626944
1137 199.69502798092796
1138 203.68783655299939
1139 207.2903427654494
1140 208.57395148396736
1141 198.78087436116493
1142 208.14818563524912
1143 206.70602182402703
1144 207.98837605831366
1145 210.1126175704524
1146 200.02874238451733
1147 202.96292843687277
1148 199.69150700276617
1149 215.6481168620121
1150 212.1853135093906
1151 211.25594234919262
1152 198.04817729615297
1153 199.19419627530053
1154 202.44560789311558
1155 211.51744403978844
1156 197.12653949858878
1157 199.85142358013343
1158 206.98973097982366
1159 209.40930774968868
1160 213.959660128856
1161 198.193646277922
1162 205.9181168724024
1163 206.72384357887591
1164 209.3791611391121
1165 213.54966699703505
1166 207.38470952838006
1167 213.070863841632
1168 201.21977292647287
1169 198.50523313583784
1170 201.06577400467546
1171 197.86085317219977
1172 207.71578614030685
1173 208.1703083964022
1174 201.32323612250258
1175 207.19649693819605
1176 196.5510942786446
1177 209.24934625533095
1178 220.29264366282052
1179 218.43745198683612
1180 210.1449989266638
1181 200.14772464615564
1182 208.18309722458946
1183 202.07301831756206
1184 209.772928481693
1185 202.97736811281044
1186 218.19702481601402
1187 198.6057652738208
1188 196.24456708327426
1189 208.3635130713683
1190 210.1536875320412
1191 202.5262736952912
1192 199.64381081391664
1193 211.67953342309207
1194 206.16992247655557
1195 203.89617961896428
1196 198.921251209876
1197 201.69080449048346
1198 199.84369141932473
1199 203.7044887959232
1200 202.68479144614298
1201 215.16784359148104
1202 199.87266027417857
1203 204.33437055454377
1204 203.00568035145164
1205 204.21203035295812
1206 207.9452544707589
1207 198.63728653504674
1208 206.0963845998255
1209 201.7246125657746
1210 203.1645450210991
1211 216.95044868173665
1212 195.9084499058572
1213 198.9458934063842
1214 203.2531774400414
1215 201.492102427058
1216 217.96759691286124
1217 205.48660437335755
1218 209.34061949933823
1219 213.70651075018293
1220 200.82837818672098
1221 201.7106070903642
1222 215.34214432694648
1223 206.47444176759228
1224 197.2638411632251
1225 205.3850482278496
1226 196.77318977524493
1227 204.84300873306245
1228 209.38896159226977
1229 196.47406966437134
1230 200.0604949567645
1231 212.88033085159793
1232 212.77633499371902
1233 209.8278564405773
1234 199.69752063546287
1235 203.13245798835248
1236 205.58194876258662
1237 199.0767325503668
1238 205.9178299859116
1239 199.06000417770053
1240 199.686144163374
1241 199.25306307736167
1242 198.57051644189275
1243 199.38800369699504
1244 213.1992390302814
1245 202.84359402366115
1246 207.6516817765034
1247 196.52609243920307
1248 199.1921732637091
1249 205.08142133604363
1250 199.36988001022752
1251 199.40857183436722
1252 208.64331603185994
1253 209.41955225008957
1254 201.97663033359814
1255 206.65885327609777
1256 201.76755582589547
1257 206.62589438278806
1258 211.33621383024268
1259 200.72510540712008
1260 198.47911086423412
1261 199.1378205871342
1262 197.14727819971753
1263 208.65149949483865
1264 206.00925290294552
1265 215.18232502040865
1266 208.35385461134436
1267 208.66656646523126
1268 211.24478268447123
1269 205.87849154398447
1270 217.45566822979873
1271 212.95963555018713
1272 197.44727024306593
1273 208.6287992310519
1274 206.6825461778043
1275 199.60450432444867
1276 214.80060683195106
1277 198.35370473415608
1278 205.7839915605863
1279 214.16552841307387
1280 208.86974654340867
1281 198.87535980804572
1282 198.95539777885392
1283 208.80254133105467
1284 203.3073585272853
1285 214.15931985512373
1286 199.87454404147226
1287 196.72018059117028
1288 226.07330440364368
1289 197.96848728237384
1290 213.32271716867598
1291 207.9038326531508
1292 206.16455662523276
1293 201.50279917399126
1294 200.18025457238767
1295 205.94552459801963
1296 207.72506862492352
1297 197.10570731606944
1298 202.609950702047
1299 203.58897569302707
1300 210.0235223368273
1301 204.93892344082826
1302 197.46629724844186
1303 202.80105197418706
1304 199.284086111459
1305 199.3487804025505
1306 192.80989087351452
1307 213.69677401735743
1308 202.87704630473382
1309 199.64207183023788
1310 206.724011337548
1311 203.76407937525667
1312 208.710043982388
1313 207.4849512935096
1314 202.31602583371117
1315 199.30295194975946
1316 203.79622340628148
1317 208.28463520503857
1318 195.43046119565213
1319 202.4065183062445
1320 200.0604797127857
1321 213.7958567159884
1322 195.0697036417239
1323 212.89424006466317
1324 203.97590699658784
1325 214.15891361696606
1326 208.45036270338335
1327 201.98074866896
1328 214.71111161084866
1329 213.7522131633068
1330 201.3609510070084
1331 206.1651670164367
1332 208.38189445087812
1333 200.555068012287
1334 198.59518799915108
1335 209.49936645573433
1336 206.12935732465218
1337 208.04732452224164
1338 202.9352046692472
1339 213.06609863246143
1340 208.17258883648148
1341 206.63457418578975
1342 199.31651516599175
1343 209.3647951998446
1344 209.0283015446066
1345 201.50088925169075
1346 204.13630128521947
1347 207.77260242772218
1348 211.38093839993337
1349 206.3247840067532
1350 198.0695242576103
1351 198.5361059557927
1352 200.82940088019865
1353 208.757241873305
1354 218.61262423125703
1355 208.1260244842529
1356 216.63905904353
1357 206.44661905988394
1358 213.31732246005683
1359 211.4505475483917
1360 200.89165542763655
1361 202.6982493980474
1362 196.1072775159771
1363 213.61853542707806
1364 203.0688394402607
1365 211.11351944113662
1366 197.50253162934393
1367 202.10473713074603
1368 198.7886100513379
1369 199.59423101779643
1370 211.87174195983275
1371 204.90155587675662
1372 208.13417755910297
1373 207.7209820044098
1374 201.56924332409935
1375 207.20988408678693
1376 206.9048574785457
1377 214.9100998149824
1378 202.61736702881996
1379 208.65648661298167
1380 200.61232574675017
1381 203.18987013897126
1382 203.44595380810765
1383 201.1304921759723
1384 209.86582749325805
1385 201.4656553958969
1386 200.82416060002194
1387 205.2133643775377
1388 199.71139938180082
1389 208.7343168710746
1390 214.9992235729544
1391 200.68791965787798
1392 198.6872940926082
1393 208.38909010241355
1394 199.98404942867862
1395 201.40503460908224
1396 222.39622195605313
1397 199.64799037392012
1398 204.92192672134345
1399 200.07345718214043
1400 206.81570008717577
1401 209.71155921778353
1402 201.29199932933753
1403 201.73590811887127
1404 200.75049749510043
1405 196.2749522431386
1406 216.07269388375738
1407 206.36716612584834
1408 199.1270690331609
1409 205.4414903292706
1410 205.65436907476425
1411 208.91081514025987
1412 198.26931887332478
1413 212.11793034483753
1414 201.7898643221844
1415 210.89014693569794
1416 210.3397024646699
1417 201.20261795458745
1418 199.99249126164062
1419 204.1240061382392
1420 206.50508343818916
1421 200.30994384999835
1422 207.50012527387412
1423 208.58461076806003
1424 202.74926155124174
1425 203.28909472321354
1426 199.320058355143
1427 206.64692367942123
1428 214.15226739211022
1429 209.3875343751348
1430 220.97547767975237
1431 207.22255207199325
1432 216.28474419559228
1433 202.0395898898972
1434 205.97221832786892
1435 204.71141907772665
1436 198.08372072863733
1437 208.92152306356937
1438 210.3331219225896
1439 206.116937471676
1440 200.4352480147158
1441 198.05648886650496
1442 199.88398119414381
1443 206.5971264823847
1444 200.72972956882862
1445 205.91975738090824
1446 201.38578412598153
1447 199.9936535235362
1448 215.08148306889603
1449 203.3474344678762
1450 203.67426778877794
1451 204.40250044031038
1452 204.5137558273525
1453 214.76290965024072
1454 207.99059144480483
1455 207.64246008267006
1456 203.57712807694887
1457 202.70718860598666
1458 210.99678239490754
1459 201.0856161527081
1460 204.6791236827173
1461 203.00817908888536
1462 195.73605601076048
1463 198.11326661722265
1464 202.25731584557582
1465 210.94596999084055
1466 199.66764478403547
1467 201.74499377811009
1468 198.81771468195112
1469 201.10929901975894
1470 208.97463820076493
1471 207.11877868120223
1472 205.62596477953727
1473 199.2776977757953
1474 218.11687515361533
1475 216.49621027724598
1476 195.14749538893608
1477 204.56301949708168
1478 199.34025567428193
1479 197.0435702088311
1480 209.1824916170454
1481 213.71397186086963
1482 214.60244366442134
1483 203.880985034619
1484 203.449012135742
1485 205.9212659882266
1486 210.15753390310255
1487 217.39315952738662
1488 196.43630514468083
1489 214.32875508430504
1490 195.45505567716214
1491 197.9090700296477
1492 208.3138776211321
1493 198.4513803714121
1494 201.676821265729
1495 202.87671390641103
1496 199.00715459490755
1497 199.2291327754256
1498 202.5153466881838
1499 204.22011731796437
1500 199.61181122546847
1501 203.1084254786085
1502 207.06436942648185
1503 212.41827371255025
1504 212.38154276392095
1505 206.04765303120305
1506 213.62964835317942
1507 204.70044913324418
1508 202.49223023798052
1509 205.08214236509804
1510 200.55592077887144
1511 199.4818056563043
1512 198.5733620718644
1513 207.59025039520097
1514 199.9275815363383
1515 199.28125834151922
1516 204.65100290183437
1517 205.2612228609938
1518 211.31552256382298
1519 217.79533264668518
1520 201.14929443466087
1521 213.33406640265184
1522 198.7226939671988
1523 199.16034624656635
1524 211.26114393633918
1525 196.89169641749726
1526 196.6670548700662
1527 199.6598900071513
1528 202.2680318962299
1529 202.37098271120215
1530 219.68575374382607
1531 209.75622934096725
1532 204.97931281023216
1533 210.13631097285645
1534 196.8409574248276
1535 214.77321157709187
1536 204.62431185816052
1537 210.98025622236804
1538 205.07998441940327
1539 203.88629679673915
1540 206.28407758149572
1541 202.37661498094135
1542 196.63072259967157
1543 214.12233312670415
1544 210.091487707442
1545 209.7062693221346
1546 210.01316537838
1547 199.82438505527014
1548 201.52541869345092
1549 199.75085634775243
1550 198.9721249900854
1551 208.4699915535177
1552 208.00986510445324
1553 216.85861287721784
1554 197.5818066774727
1555 196.7345858764679
1556 200.7603366025412
1557 200.44696042994622
1558 198.08903666672967
1559 197.65430614366147
1560 200.4972657364516
1561 198.3325525464863
1562 196.60548368653915
1563 197.70956423357518
1564 212.83226800929313
1565 203.44036476724773
1566 197.28089823300718
1567 198.03576503555803
1568 206.47345886056888
1569 221.5107581495343
1570 204.46948694611808
1571 208.61317023977819
1572 204.7469948208061
1573 206.63103350435836
1574 199.8897805515301
1575 197.69148145428008
1576 198.10355418151022
1577 200.67251502241842
1578 202.14080360035175
1579 201.06001365479318
1580 214.79325563654757
1581 196.7487916891587
1582 198.91168711452875
1583 217.82634420389425
1584 199.23793128070054
1585 198.6535083338971
1586 217.8159023292797
1587 211.4664226487463
1588 198.77229351489663
1589 209.05918095126373
1590 214.6973336596994
1591 201.52215979253592
1592 207.78142805302937
1593 209.42658365147605
1594 195.73818580355592
1595 207.77708621705332
1596 213.71092805689605
1597 201.00391410996787
1598 205.74356748158488
1599 198.19640124386638
1600 202.95659406899438
1601 203.7356224461437
1602 202.66302307047118
1603 198.77052642931923
1604 207.72477569751058
1605 198.80861127672657
1606 201.21252352887637
1607 198.48766663391328
1608 218.84782235470018
1609 204.58337667295163
1610 203.32215821975208
1611 208.47233984526255
1612 206.3380992970709
1613 216.8864168851574
1614 197.25883710307966
1615 201.2967562394712
1616 204.39721000981302
1617 214.77672277839062
1618 218.06510428180843
1619 201.83638160525422
1620 201.74317015153187
1621 200.96372740420634
1622 199.41732165266072
1623 223.40877375091748
1624 210.08929500876698
1625 200.57785663501295
1626 200.73383676011034
1627 199.802651818352
1628 199.9121246083344
1629 204.73853772115615
1630 209.30187232704174
1631 196.81537932652665
1632 207.88974747526905
1633 194.0351910046918
1634 206.81374163584394
1635 195.8352554364376
1636 197.24466116293533
1637 223.71455854687562
1638 214.8544675373847
1639 197.83078017325985
1640 202.8300223893824
1641 204.0734083849848
1642 212.80306498864317
1643 202.08970677004393
1644 211.74853831420626
1645 207.33233525724793
1646 205.97986880773524
1647 196.4003758878718
1648 202.79154199597895
1649 208.0768950666129
1650 198.1724259802339
1651 196.5873619431922
1652 204.6284038252999
1653 208.09275917538417
1654 207.57269100164712
1655 209.07644062491647
1656 209.50539475628608
1657 195.32358799543152
1658 223.86017282609964
1659 207.97635726412696
1660 213.79792712626764
1661 201.37209068141848
1662 200.10454381355865
1663 200.55021441368984
