0 790800
1 416700
2 96600
3 82200
4 79800
5 86700
6 97300
7 83200
8 81300
9 69700
10 74600
11 75700
12 92600
13 70500
14 78100
15 89300
16 69500
17 64200
18 87500
19 65900
20 74400
21 80700
22 88600
23 146200
24 86100
25 70200
26 76100
27 71800
28 81200
29 75000
30 65100
31 71300
32 129100
33 128200
34 125100
35 110600
36 127800
37 215100
38 132600
39 117200
40 97500
41 61200
42 66600
43 63300
44 59900
45 66000
46 63700
47 62600
48 69100
49 61300
50 61000
51 81400
52 66900
53 65000
54 69700
55 61500
56 60600
57 67800
58 59500
59 76400
60 81600
61 67000
62 62100
63 63800
64 61400
65 59400
66 64200
67 71000
68 71700
69 68200
70 68900
71 69100
72 68100
73 71000
74 69600
75 62600
76 61400
77 59100
78 72100
79 64600
80 60700
81 67200
82 63000
83 61100
84 68000
85 63600
86 60900
87 69800
88 63800
89 66400
90 68700
91 64500
92 61800
93 63400
94 63700
95 59700
96 71000
97 62400
98 64700
99 70600
100 60800
101 63600
102 65200
103 57600
104 62300
105 67600
106 70200
107 59700
108 63700
109 66700
110 69300
111 59500
112 76400
113 97000
114 54500
115 61100
116 64600
117 83200
118 61000
119 68400
120 62700
121 56100
122 60600
123 59200
124 63000
125 69400
126 59800
127 61500
128 89000
129 59200
130 59100
131 72800
132 61400
133 58600
134 58300
135 54200
136 61800
137 54300
138 57500
139 61500
140 62400
141 55400
142 55600
143 71600
144 59700
145 61700
146 59700
147 59900
148 56600
149 71300
150 63100
151 63400
152 66000
153 59500
154 81000
155 61900
156 77200
157 56500
158 56600
159 60000
160 53300
161 100600
162 60800
163 68300
164 63600
165 60400
166 68500
167 61600
168 55800
169 59100
170 78600
171 58700
172 60400
173 65900
174 63100
175 57700
176 62000
177 61600
178 58000
179 65300
180 57500
181 57000
182 62900
183 58800
184 62100
185 63200
186 57100
187 57700
188 62700
189 55100
190 59500
191 64800
192 57600
193 64500
194 69200
195 62100
196 58400
197 63000
198 99500
199 74200
200 64100
201 66200
202 62500
203 72400
204 70600
205 58300
206 89300
207 57300
208 55900
209 57100
210 57300
211 59700
212 61700
213 88500
214 60100
215 63300
216 60900
217 77500
218 64700
219 64600
220 63300
221 62100
222 64300
223 69000
224 68600
225 65300
226 68200
227 66300
228 58000
229 61100
230 88000
231 61900
232 58400
233 81800
234 77100
235 72300
236 64700
237 58100
238 60600
239 65500
240 56500
241 60100
242 67000
243 63200
244 60900
245 77300
246 65300
247 59100
248 58500
249 67300
250 61700
251 66000
252 62600
253 66600
254 67200
255 77000
256 78000
257 66300
258 78200
259 60500
260 59300
261 59400
262 53200
263 67700
264 57400
265 61700
266 58400
267 59700
268 60100
269 66100
270 56500
271 60500
272 65400
273 59000
274 63600
275 66200
276 57700
277 59000
278 61100
279 64200
280 58500
281 58400
282 58900
283 62300
284 57200
285 57400
286 66700
287 56300
288 52500
289 59000
290 64800
291 61300
292 60900
293 66500
294 58300
295 64200
296 60800
297 65000
298 58900
299 54400
300 68700
301 62000
302 54200
303 55800
304 57600
305 82300
306 74500
307 60300
308 65900
309 60200
310 59400
311 64100
312 63700
313 58600
314 68700
315 60500
316 56200
317 59800
318 55400
319 57000
320 56200
321 54800
322 58200
323 64300
324 53800
325 51200
326 61600
327 54900
328 62300
329 62500
330 52400
331 58300
332 67200
333 56900
334 62400
335 65400
336 68200
337 56200
338 62900
339 59300
340 57200
341 124100
342 87700
343 87500
344 84100
345 80400
346 115600
347 92000
348 80000
349 94400
350 88300
351 89000
352 97200
353 94800
354 83900
355 93900
356 95200
357 86200
358 94900
359 60700
360 57000
361 64300
362 58200
363 60100
364 61200
365 54300
366 57900
367 56500
368 55500
369 61800
370 56400
371 53800
372 54200
373 55700
374 51900
375 55600
376 56500
377 59300
378 58500
379 59900
380 59800
381 59500
382 56800
383 56900
384 53900
385 55900
386 53800
387 58600
388 57300
389 66800
390 55700
391 58000
392 53900
393 58000
394 60200
395 56400
396 61700
397 58900
398 58700
399 59600
400 72400
401 59000
402 57300
403 61700
404 55300
405 103500
406 48100
407 43000
408 43800
409 42800
410 43400
411 44900
412 43500
413 40500
414 44400
415 42700
416 42000
417 44100
418 42900
419 46800
420 45500
421 44100
422 45400
423 43800
424 44600
425 39700
426 43900
427 46400
428 41200
429 42600
430 43900
431 43100
432 42400
433 42600
434 47300
435 43500
436 41800
437 47200
438 42900
439 42800
440 44200
441 42100
442 46200
443 42900
444 58400
445 43000
446 46000
447 46100
448 46400
449 45300
450 46100
451 44200
452 42800
453 43300
454 44100
455 46400
456 49000
457 45700
458 44600
459 42500
460 45100
461 43200
462 40800
463 43400
464 41700
465 43100
466 43700
467 44000
468 44900
469 44200
470 46600
471 45400
472 43700
473 42100
474 45500
475 44300
476 42000
477 43600
478 43600
479 46600
480 43000
481 41100
482 45200
483 41900
484 39800
485 53100
486 41700
487 42000
488 41100
489 43600
490 43600
491 40300
492 43000
493 46200
494 41000
495 44300
496 44000
497 43100
498 52300
499 41600
500 41700
501 43900
502 42800
503 42600
504 42100
505 42500
506 46000
507 44300
508 42100
509 44300
510 41300
511 43300
512 41200
513 43200
514 43900
515 44700
516 42600
517 53000
518 46300
519 43900
520 40800
521 44200
522 42700
523 41500
524 44200
525 43500
526 53100
527 43800
528 40100
529 45800
530 41300
531 65800
532 43000
533 42400
534 42700
535 66900
536 44900
537 42700
538 42900
539 41700
540 42100
541 43600
542 40300
543 43900
544 42000
545 41800
546 41000
547 43200
548 42400
549 42100
550 45000
551 41800
552 42900
553 42900
554 48600
555 43500
556 47500
557 44400
558 44200
559 41400
560 65500
561 40000
562 45900
563 41800
564 41000
565 41900
566 42600
567 41700
568 43000
569 42300
570 46800
571 44600
572 40300
573 40800
574 43800
575 40300
576 42500
577 67600
578 43600
579 50800
580 42400
581 42900
582 41500
583 39900
584 42000
585 41400
586 42000
587 39900
588 43400
589 42000
590 41100
591 43900
592 43200
593 42200
594 40600
595 56800
596 47700
597 44700
598 44200
599 52800
600 43500
601 39900
602 42800
603 41700
604 42900
605 43600
606 43200
607 40300
608 38700
609 44400
610 40800
611 43300
612 41600
613 42200
614 41500
615 40100
616 42900
617 57300
618 41200
619 43800
620 43300
621 44300
622 40600
623 42300
624 44400
625 45800
626 58800
627 42300
628 42300
629 44600
630 41200
631 44700
632 42400
633 45100
634 42200
635 42400
636 44100
637 44600
638 52600
639 42300
640 55700
641 39700
642 41900
643 43200
644 41000
645 42600
646 43200
647 43700
648 41500
649 44800
650 41400
651 42600
652 40800
653 67800
654 39900
655 40900
656 41500
657 77700
658 42900
659 43200
660 41400
661 47400
662 45200
663 42100
664 42700
665 42400
666 41300
667 42300
668 41300
669 44500
670 41800
671 42300
672 41700
673 54700
674 45500
675 42200
676 43300
677 52400
678 43100
679 47400
680 42900
681 43800
682 42700
683 41600
684 41600
685 42700
686 39900
687 44700
688 42300
689 45800
690 47200
691 42900
692 44000
693 43500
694 40300
695 42700
696 42000
697 43200
698 44600
699 43600
700 44100
701 46300
702 39600
703 42800
704 43500
705 40100
706 41400
707 41800
708 44800
709 39500
710 42100
711 41300
712 51800
713 41500
714 42500
715 41700
716 43700
717 45200
718 44500
719 45700
720 44100
721 43700
722 54100
723 44500
724 40400
725 43400
726 45200
727 41600
728 43600
729 42600
730 43200
731 43100
732 42000
733 41800
734 45000
735 43500
736 42000
737 42600
738 40200
739 62000
740 42000
741 41200
742 50100
743 43000
744 40900
745 41900
746 39400
747 42700
748 43600
749 43200
750 42700
751 47000
752 45400
753 42300
754 42000
755 44500
756 40500
757 40300
758 40800
759 65300
760 45400
761 43400
762 43700
763 42900
764 42900
765 41100
766 43000
767 43200
768 42400
769 42400
770 61800
771 42300
772 41900
773 45700
774 41700
775 45600
776 42800
777 74300
778 43600
779 43100
780 45400
781 44600
782 51500
783 41500
784 42300
785 44400
786 42600
787 44500
788 45000
789 40800
790 49100
791 52400
792 44300
793 44300
794 41200
795 42700
796 55800
797 40600
798 41300
799 57600
800 42200
801 40100
802 43300
803 41300
804 43300
805 43800
806 45300
807 42100
808 42500
809 42300
810 43900
811 46000
812 45400
813 45100
814 45200
815 42100
816 44700
817 43000
818 46300
819 45800
820 43100
821 43200
822 44100
823 43600
824 42900
825 42800
826 41300
827 43700
828 42100
829 41600
830 41800
831 40600
832 42800
833 42800
834 41000
835 40600
836 43800
837 45400
838 56300
839 41900
840 42300
841 51500
842 43500
843 42300
844 42600
845 44300
846 43200
847 41600
848 42700
849 39800
850 47200
851 43200
852 42400
853 41500
854 43400
855 42600
856 42900
857 41800
858 43200
859 40800
860 42300
861 41600
862 44500
863 41000
864 43500
865 68100
866 63100
867 62700
868 64200
869 81500
870 64000
871 61000
872 58500
873 103100
874 73700
875 62200
876 59400
877 59100
878 62700
879 43600
880 42500
881 45000
882 45400
883 46100
884 48000
885 42500
886 41100
887 43100
888 43200
889 42900
890 39500
891 39500
892 41700
893 45800
894 49700
895 45900
896 45200
897 43000
898 42200
899 42200
900 40500
901 39900
902 41500
903 44600
904 40800
905 40500
906 40300
907 41700
908 64000
909 43400
910 42000
911 64000
912 41900
913 41600
914 40900
915 42200
916 43600
917 42200
918 43300
919 43300
920 41200
921 41800
922 43100
923 43400
924 44600
925 43700
926 43300
927 41200
928 40800
929 50100
930 42100
931 42500
932 42200
933 43400
934 42100
935 41100
936 41700
937 41500
938 41300
939 40400
940 41900
941 42100
942 40300
943 42000
944 43900
945 40500
946 45600
947 45100
948 42800
949 43400
950 42800
951 42500
952 52900
953 41900
954 54200
955 43500
956 40000
957 41100
958 43000
959 64500
960 41900
961 40100
962 43300
963 44100
964 50500
965 44400
966 41800
967 42200
968 44200
969 45000
970 45200
971 47800
972 59100
973 43400
974 41400
975 43100
976 42200
977 44100
978 41900
979 43900
980 42800
981 42900
982 42500
983 43200
984 40900
985 44000
986 41500
987 43900
988 64400
989 45800
990 42000
991 45100
992 44100
993 43500
994 42400
995 40000
996 43000
997 49900
998 43700
999 42200
1000 41300
1001 42000
1002 44700
1003 44600
1004 42700
1005 55900
1006 38900
1007 39400
1008 42000
1009 43300
1010 69300
1011 43200
1012 45100
1013 41600
1014 42600
1015 43300
1016 41600
1017 43500
1018 43500
1019 43400
1020 40700
1021 41600
1022 39000
1023 42100
1024 46000
1025 40800
1026 44100
1027 41700
1028 42300
1029 42900
1030 42000
1031 42700
1032 45400
1033 42300
1034 52500
1035 41200
1036 43300
1037 43200
1038 42800
1039 42100
1040 44800
1041 42800
1042 41900
1043 41000
1044 41600
1045 43600
1046 43500
1047 43900
1048 42000
1049 56200
1050 41800
1051 46800
1052 41000
1053 42000
1054 42300
1055 42400
1056 66700
1057 42200
1058 41300
1059 40800
1060 44000
1061 45000
1062 42400
1063 43600
1064 41600
1065 40300
1066 42000
1067 42800
1068 42900
1069 43700
1070 41200
1071 80500
1072 41200
1073 41600
1074 55300
1075 42200
1076 42400
1077 43700
1078 40300
1079 40600
1080 42100
1081 42900
1082 40700
1083 46400
1084 40900
1085 41100
1086 48500
1087 56600
1088 42300
1089 54300
1090 42800
1091 42800
1092 44100
1093 43000
1094 45200
1095 42600
1096 45800
1097 43200
1098 39900
1099 42500
1100 41000
1101 41400
1102 44800
1103 41300
1104 43000
1105 42300
1106 42100
1107 43300
1108 40400
1109 44600
1110 40900
1111 54200
1112 45200
1113 43400
1114 43300
1115 47900
1116 44200
1117 41800
1118 42400
1119 43200
1120 44300
1121 43500
1122 41900
1123 41300
1124 41700
1125 52300
1126 41700
1127 43200
1128 41400
1129 43400
1130 43300
1131 44400
1132 48400
1133 44100
1134 42000
1135 47600
1136 41200
1137 45900
1138 42100
1139 40700
1140 43400
1141 43300
1142 44500
1143 42800
1144 40000
1145 45500
1146 42800
1147 45000
1148 41000
1149 66100
1150 42800
1151 41300
1152 44900
1153 41900
1154 43100
1155 41700
1156 46000
1157 42500
1158 41900
1159 41100
1160 41800
1161 44300
1162 42700
1163 43200
1164 43500
1165 44400
1166 84300
1167 44200
1168 42000
1169 40600
1170 42300
1171 42300
1172 50100
1173 43900
1174 44700
1175 47900
1176 43100
1177 44100
1178 44100
1179 45400
1180 41200
1181 44200
1182 44900
1183 42100
1184 43600
1185 41900
1186 41200
1187 43400
1188 46100
1189 45800
1190 54200
1191 47900
1192 44500
1193 45200
1194 42500
1195 44800
1196 45100
1197 44600
1198 43300
1199 42900
1200 42200
1201 42600
1202 52900
1203 43300
1204 40900
1205 46300
1206 45400
1207 44400
1208 42500
1209 46000
1210 44600
1211 43500
1212 46300
1213 43700
1214 47500
1215 46600
1216 44200
1217 44300
1218 45200
1219 45300
1220 41300
1221 47000
1222 41800
1223 44200
1224 43800
1225 45200
1226 44700
1227 46500
1228 40300
1229 45000
1230 45700
1231 43600
1232 42800
1233 45500
1234 43200
1235 44800
1236 44600
1237 45800
1238 47300
1239 49200
1240 48000
1241 43000
1242 46100
1243 71300
1244 47800
1245 46200
1246 47900
1247 45600
1248 48200
1249 86200
1250 66100
1251 45600
1252 42400
1253 44600
1254 45700
1255 42700
1256 43900
1257 42700
1258 41900
1259 44700
1260 45800
1261 44100
1262 45100
1263 45700
1264 44100
1265 46200
1266 45500
1267 43600
1268 42700
1269 51200
1270 44400
1271 46500
1272 43000
1273 44700
1274 43900
1275 42900
1276 43100
1277 43300
1278 96600
1279 49200
1280 43300
1281 42800
1282 43000
1283 44300
1284 48500
1285 44500
1286 44600
1287 43700
1288 44500
1289 43300
1290 42500
1291 43200
1292 43100
1293 46400
1294 42800
1295 42300
1296 44900
1297 41900
1298 44500
1299 44900
1300 45200
1301 41900
1302 47000
1303 39600
1304 46200
1305 44500
1306 46000
1307 42100
1308 41100
1309 50400
1310 45200
1311 42900
1312 44100
1313 45400
1314 43600
1315 42800
1316 43800
1317 44000
1318 44900
1319 43500
1320 45000
1321 47600
1322 44000
1323 44900
1324 45100
1325 45600
1326 49600
1327 43900
1328 41000
1329 46800
1330 42700
1331 47800
1332 42700
1333 42800
1334 42400
1335 40900
1336 43800
1337 39400
1338 43000
1339 42600
1340 39800
1341 40400
1342 41000
1343 42700
1344 41600
1345 39800
1346 42500
1347 53200
1348 44000
1349 42300
1350 42900
1351 44400
1352 43900
1353 43500
1354 43200
1355 46600
1356 44600
1357 46400
1358 41500
1359 42200
1360 43900
1361 44400
1362 42500
1363 57300
1364 42800
1365 41000
1366 40100
1367 43500
1368 66300
1369 42200
1370 42200
1371 47200
1372 43700
1373 47400
1374 48500
1375 44100
1376 42200
1377 43700
1378 40500
1379 41300
1380 41700
1381 39800
1382 43400
1383 41100
1384 41800
1385 42900
1386 46800
1387 44700
1388 44200
1389 39300
1390 62700
1391 42700
1392 42900
1393 62700
1394 63500
1395 58600
1396 56900
1397 56200
1398 57800
1399 56300
1400 56500
1401 53600
1402 52700
1403 56900
1404 52100
1405 63200
1406 56900
1407 52900
1408 60700
1409 61600
1410 58300
1411 59700
1412 62700
1413 57600
1414 55600
1415 60500
1416 58500
1417 60500
1418 56600
1419 46100
1420 43500
1421 47200
1422 45300
1423 46600
1424 46300
1425 44700
1426 42400
1427 44400
1428 43600
1429 42200
1430 48800
1431 43500
1432 46400
1433 45300
1434 42100
1435 46000
1436 44200
1437 44500
1438 43200
1439 45600
1440 47100
1441 42400
1442 43100
1443 46000
1444 45500
1445 44400
1446 45800
1447 46300
1448 44100
1449 44600
1450 44200
1451 48000
1452 100100
1453 45700
1454 44100
1455 46100
1456 46000
1457 43900
1458 44400
1459 44200
1460 42400
1461 43100
1462 41600
1463 40800
1464 40300
1465 41500
1466 44700
1467 43100
1468 42100
1469 42600
1470 41400
1471 43000
1472 41800
1473 43100
1474 41500
1475 41900
1476 43900
1477 44000
1478 47600
1479 46200
1480 42000
1481 42900
1482 44000
1483 43500
1484 42300
1485 42200
1486 44700
1487 45500
1488 65500
1489 44200
1490 56700
1491 59000
1492 61500
1493 60900
1494 62900
1495 54900
1496 56300
1497 53900
1498 52800
1499 58700
1500 55400
1501 58100
1502 57500
1503 61100
1504 58300
1505 55000
1506 82600
1507 58200
1508 65500
1509 56400
1510 56600
1511 45300
1512 43000
1513 69200
1514 42700
1515 42500
1516 45400
1517 44900
1518 45400
1519 44400
1520 46600
1521 44900
1522 45500
1523 46000
1524 44900
1525 43500
1526 45000
1527 45800
1528 42200
1529 44200
1530 41900
1531 43100
1532 41900
1533 42900
1534 42800
1535 41300
1536 45600
1537 45500
1538 55000
1539 45500
1540 44400
1541 43800
1542 44500
1543 48900
1544 43600
1545 46100
1546 47800
1547 43600
1548 43000
1549 57900
1550 44700
1551 44000
1552 49300
1553 62300
1554 41300
1555 47200
1556 45200
1557 48300
1558 45900
1559 41500
1560 39800
1561 43000
1562 44000
1563 40500
1564 45700
1565 43200
1566 42300
1567 53700
1568 41100
1569 40100
1570 42700
1571 46000
1572 64700
1573 42100
1574 39400
1575 42900
1576 43100
1577 53700
1578 42800
1579 53100
1580 44000
1581 44000
1582 55800
1583 44400
1584 44900
1585 46300
1586 43600
1587 44600
1588 42700
1589 41300
1590 57100
1591 59600
1592 57700
1593 55100
1594 54700
1595 55000
1596 57000
1597 87500
1598 53200
1599 67900
1600 60000
1601 56200
1602 57800
1603 57900
1604 55600
1605 55200
1606 52300
1607 57100
1608 61300
1609 56500
1610 58100
1611 74900
1612 60900
1613 53800
1614 68800
1615 61000
1616 55400
1617 45200
1618 42800
1619 42300
1620 45100
1621 43000
1622 46300
1623 43100
1624 53100
1625 45500
1626 44000
1627 45100
1628 54000
1629 56700
1630 41700
1631 41100
1632 41300
1633 44900
1634 42900
1635 44600
1636 45300
1637 42000
1638 60800
1639 43400
1640 40600
1641 42500
1642 43700
1643 39800
1644 45100
1645 42600
1646 48800
1647 40900
1648 44800
1649 43600
1650 44200
1651 42500
1652 41500
1653 42500
1654 41100
1655 41200
1656 41600
1657 40400
1658 58700
1659 42100
1660 40100
1661 41400
1662 41700
1663 43700
