0 120974.76251216454
1 119667.46165812715
2 127298.60595086029
3 123036.35545646942
4 122771.20584792046
5 120823.29726257325
6 123864.84889624131
7 122453.86312514737
8 121372.57224484527
9 120974.76251216454
10 123297.2662347021
11 123953.20577508703
12 123310.72701119333
13 122440.76540140958
14 119688.47729854829
15 122577.59553170913
16 123652.84771203648
17 123166.28791992084
18 118458.18847555493
19 124589.88751782055
20 124364.5068151901
21 124351.45864344166
22 122861.79215840161
23 119523.27598629206
24 123778.06891520716
25 123245.27870108094
26 124210.01899490485
27 122267.53803880251
28 123131.07468260109
29 122720.51292728538
30 121869.32356647542
31 125439.08639868666
32 123196.50958269413
33 124302.14362981282
34 124396.36886348354
35 125143.7189235144
36 121850.41241858286
37 123107.0654043707
38 119976.7556129019
39 121691.29067217388
40 121547.50106437063
41 122943.20814611236
42 125506.17269471343
43 118825.63831660071
44 122913.35936308166
45 122631.9809874161
46 123032.75069938131
47 122293.67984281074
48 117492.45140155262
49 121191.74057936495
50 120422.44267594253
51 121094.10918535666
52 123730.10806843656
53 124284.27761994509
54 122837.07135662943
55 121610.06061963129
56 130307.09526461877
57 121616.94724091642
58 123929.94374689371
59 121033.16267326946
60 122835.35791616475
61 122360.32146834205
62 122997.11382641568
63 122767.04377000418
64 122498.59796907217
65 125680.56169445778
66 129908.96048248427
67 119547.0252470524
68 122295.11965306071
69 124788.2172368334
70 122555.66422525264
71 119576.47300572881
72 121887.43771869954
73 120478.05258724489
74 123823.66735817457
75 124708.49798090666
76 121824.15223151396
77 117403.31097033092
78 121732.4251876222
79 122181.7525631443
80 122289.10839716332
81 122284.38647173093
82 124040.28172134717
83 121542.72634330303
84 124253.7284077868
85 122758.14134495195
86 119368.35068204982
87 123436.90848591656
88 122301.00307567276
89 120117.63810575692
90 123660.99085493427
91 124926.0719722915
92 123338.84018090779
93 124551.27628731866
94 127147.5643336026
95 124336.68259633555
96 121535.83835055442
97 124115.38130324867
98 117958.94274151605
99 122935.13268798834
100 124106.85923242802
101 123398.09849409772
102 120733.1451323081
103 122045.66155363138
104 123327.13750875714
105 123668.96709076673
106 122556.32859972448
107 122474.83981097484
108 121963.94039410148
109 122233.75645726889
110 123935.08866577741
111 122488.68477469795
112 123927.19080431997
113 124473.16482948426
114 124485.59269463136
115 122479.04276625809
116 124943.6755553549
117 124113.64038399611
118 123796.02949042805
119 122165.30058045736
120 122945.77563852129
121 124577.24561713451
122 122626.07578483704
123 121422.51511987597
124 122423.49182433699
125 122431.72682526713
126 123594.20649818302
127 121751.4717956778
128 120625.34324790938
129 121121.94691201653
130 121688.41098045949
131 127343.56117505195
132 122598.46459890058
133 121528.51194584565
134 123597.15010382295
135 120352.5107126395
136 120747.61095754371
137 121732.02854747184
138 120981.71057564684
139 123216.98485408083
140 124079.57376193652
141 124281.70845337937
142 125157.64524489643
143 124118.17129295075
144 123468.27139473025
145 122350.79412874745
146 122089.03132027927
147 121819.24596086777
148 124146.23211838737
149 122931.23552329467
150 123214.59383202626
151 123532.84903707735
152 121012.95445565833
153 123813.2235423309
154 120013.01319163514
155 118729.44513915062
156 123653.36501466173
157 121572.89669390046
158 123541.43763066272
159 123551.72643329528
160 123882.939662595
161 123426.74482074351
162 121504.39078323706
163 118914.49587446466
164 123027.42762115928
165 123350.02905497527
166 120709.73410883469
167 120332.14048325468
168 121669.6125431515
169 123954.82352438009
170 123155.50656045509
171 120942.28859466991
172 122520.79025344875
173 123736.57927251671
174 123538.21795656737
175 121755.95038396868
176 121404.40032028541
177 124150.74962964376
178 122811.21356989058
179 124561.6061655912
180 122344.27771537405
181 121320.7116573265
182 118058.37614132834
183 122765.18109173024
184 122236.73661163935
185 122168.29589716901
186 122718.15979761239
187 123742.13908373215
188 122400.66385477122
189 122869.91806586424
190 123313.60107448492
191 125333.49221229953
192 123624.1560509985
193 123586.93637910817
194 126484.56437323951
195 122222.47430876624
196 122404.47983015375
197 121758.88547794697
198 124125.11114149612
199 121809.19572060333
200 124631.070751331
201 122160.01575247796
202 123952.67911715274
203 122704.9457863425
204 119917.05745521928
205 123870.94849839748
206 121959.23652104918
207 121628.58231749786
208 123277.43628053131
209 121670.17459185168
210 121529.30978209768
211 122524.85860821209
212 122425.37580126748
213 123818.35186904854
214 124143.39904062629
215 124370.87795578613
216 123916.49280671036
217 121435.48979120784
218 123349.70390329137
219 122538.82260320905
220 118311.92883527237
221 119231.24513171148
222 121351.94185341944
223 116684.99314555222
224 125429.571373906
225 121760.73245098836
226 121407.8299234252
227 121899.02506418634
228 120667.79226136966
229 123510.59565599481
230 124432.57833362659
231 124226.63663967767
232 121067.55609138985
233 120906.34913892332
234 120054.88067075051
235 117589.20212822569
236 123360.56565333172
237 123375.16361670439
238 121425.31142086459
239 120422.40986991857
240 123913.94615483342
241 123287.85048581212
242 123911.46684653143
243 123421.09268457993
244 125038.42871813133
245 124053.49221313736
246 122061.8624164575
247 122272.4680936373
248 122063.03600027345
249 120612.23909511756
250 122078.02950786224
251 124133.94032937028
252 124147.20290250116
253 122716.5725018553
254 123910.69744288862
255 122902.8106030674
256 115131.06139637332
257 122995.31144028471
258 122487.19683629446
259 120351.58494518069
260 123146.79806153175
261 123592.61435485889
262 119096.88909687892
263 121063.49833660205
264 123177.87488926295
265 121196.50487614589
266 123491.18276577925
267 124338.25121006239
268 122260.93448187174
269 123688.40391001535
270 120539.11860902594
271 125071.47439556937
272 121881.8770885127
273 123095.29660317402
274 123261.34172401029
275 123299.6121559793
276 122382.19771441493
277 124950.41811354255
278 121922.92051682255
279 123684.92585302329
280 123105.55744263323
281 123177.40325544719
282 123112.85097919176
283 123232.82329852707
284 121276.20389722209
285 121362.6146074402
286 123722.35620707477
287 121518.02436395602
288 121390.71004652746
289 122321.06840224058
290 123690.92576545445
291 120361.34466515713
292 120297.39670309203
293 120672.44264649147
294 123971.64380220302
295 124188.85219209889
296 121267.13906442259
297 120440.96530741855
298 118890.59886889059
299 120334.09876941059
300 123667.01151238644
301 122944.85938620898
302 123771.81390915597
303 127423.5100575565
304 123914.97916499898
305 124317.8011407183
306 124248.8782815941
307 124016.531627576
308 122505.71397691245
309 122378.58061294291
310 122549.57150056839
311 122010.07757791955
312 121407.3177542258
313 122701.0825853283
314 122615.29308592882
315 122324.00115442013
316 123620.11614365912
317 123559.3134243086
318 121283.86248426214
319 124490.68981919138
320 124345.15366648037
321 119970.42412117444
322 120441.10781610999
323 124017.5377004653
324 122180.0585589378
325 120278.29780911074
326 124110.32297258693
327 124797.33074791139
328 123693.35800711029
329 120846.81563430137
330 124462.05938407603
331 122713.0082810318
332 122731.73063356394
333 122317.83516079736
334 128522.46504340124
335 123920.76571011147
336 121716.33797626091
337 123786.01608948826
338 127557.25392109659
339 123681.9138669153
340 122318.19660019618
341 121382.06080402313
342 119106.29290943794
343 119424.7228262151
344 121141.49934267091
345 121426.48148621658
346 125524.72476204387
347 127856.61970647778
348 123604.62467298002
349 120615.45316518593
350 122863.58301443887
351 123025.88460832588
352 123297.91443948586
353 122722.97039426025
354 122368.80760684368
355 124649.28015069605
356 123494.80094802951
357 130162.23240216397
358 124717.42805734133
359 123588.7744495345
360 121287.32726844818
361 122372.96358859754
362 123591.98066333303
363 122913.95553139113
364 125209.18201009587
365 122813.02184665357
366 123840.83084598044
367 122162.75307440305
368 123465.933347037
369 122433.28851185518
370 122414.92348259047
371 123006.98742263892
372 123933.8709174844
373 123568.31207615699
374 122232.59104667384
375 126234.71724233405
376 123555.22099573618
377 121580.54958869894
378 122403.90099120201
379 119865.216122639
380 122738.59946899561
381 121623.54701355411
382 123272.80462127067
383 123277.72815135251
384 124504.0656264951
385 120506.8387586488
386 125199.56361340832
387 122174.70134156657
388 124741.72076050875
389 121450.42429691683
390 122560.31793402381
391 122960.73099852953
392 120472.18640008944
393 125030.81457103736
394 122358.13645859448
395 123448.49934717339
396 124042.75145037551
397 124506.53003653254
398 124217.02351446704
399 124254.14252433543
400 122709.25439800476
401 123082.73578687059
402 122925.18696620749
403 122434.90046167356
404 123477.53852741499
405 123890.94205382679
406 123219.33615839592
407 124452.38466367718
408 130773.36826270811
409 123362.6286832784
410 122760.05574203734
411 123673.64547365077
412 124214.91330033539
413 123131.52140548159
414 121093.76346897683
415 120820.32548224815
416 123478.68332288526
417 122233.082194424
418 122470.269986432
419 122477.47390675417
420 122111.07381970012
421 120784.66608460531
422 119994.80249979747
423 123030.11286754967
424 123573.91746405589
425 131227.3517397056
426 124302.26865588715
427 123165.11366972544
428 120446.66702229388
429 124496.25182904927
430 120449.47141879957
431 122906.95859006669
432 123597.53535123846
433 122211.61386770367
434 121459.66219108581
435 122855.90770944588
436 120252.97991525948
437 123074.9798000831
438 122563.78631337939
439 121061.69071477404
440 121497.96742867156
441 121021.76581325347
442 119001.98241505108
443 119685.82550272047
444 124164.74972613792
445 124162.83386023372
446 125043.48516774301
447 120781.64432835733
448 121745.97143596016
449 123058.9352165991
450 122652.9104068041
451 121620.25178397248
452 128845.91013288184
453 122513.05139026677
454 121328.17586714432
455 119992.5159136635
456 122289.70371957417
457 169301.80674351688
458 123032.62229621028
459 124444.34476219879
460 123399.23700911475
461 123315.61539365468
462 123551.50616594682
463 122094.67020661088
464 122361.42746722781
465 122607.41773214721
466 120593.53045434561
467 121838.66194642361
468 126590.9033254014
469 123749.4937649519
470 125945.40661392857
471 122700.42994046159
472 121005.65685897674
473 123014.21103435817
474 121891.53299781136
475 124358.72352940573
476 122601.79124097791
477 120369.92385901364
478 122943.12695891784
479 122085.44033649817
480 115573.19348975134
481 122678.58071935552
482 119851.95213009034
483 123404.33287289386
484 125069.19194191939
485 124239.84613276203
486 120389.22026371524
487 123226.50946573552
488 123896.36576868269
489 119753.84077696873
490 122507.16577445154
491 121846.22364182521
492 123078.21338184859
493 116773.37935016649
494 123110.12254895324
495 123303.71053527256
496 123376.02424415408
497 123034.07169775861
498 123114.8507653454
499 125101.64017873314
500 123658.23244211581
501 120392.1692339858
502 117661.09060582097
503 123595.96133059934
504 117886.81740979145
505 123394.19671459109
506 122997.86390609115
507 125994.63600788241
508 120677.24441503028
509 116817.74392788486
510 124429.27842981718
511 122565.48701407028
512 123049.30340176336
513 119355.84894825482
514 119543.71458322182
515 122679.6221903566
516 124915.63891492749
517 121999.48022217257
518 123973.26567281543
519 123369.34432349385
520 122981.12483287694
521 120089.7585703063
522 121113.58698772658
523 123924.83460982979
524 120049.09629708795
525 124486.77351884998
526 121076.40147784841
527 122347.53652077248
528 122532.80497979744
529 124490.32128747593
530 122879.8837149172
531 123758.55192678951
532 124427.1136603386
533 123686.56279578214
534 123565.82995592101
535 119927.46988588739
536 120686.36221704392
537 123402.14184959873
538 123104.29529485451
539 121506.6114644235
540 125186.74057740906
541 122069.18491801125
542 124195.85367682601
543 121960.76506053
544 121391.89747163646
545 120838.42905474924
546 123116.58371645192
547 124163.53446569838
548 122839.99067525083
549 122497.93829397511
550 123184.11858154587
551 120903.78177990725
552 119780.6734290062
553 122079.05346110679
554 122752.77376079674
555 123708.99230135763
556 122601.67142629057
557 122151.40697026027
558 121209.68834424159
559 124362.02294468276
560 121752.42736803966
561 124226.65512083523
562 124390.44621619456
563 119972.51930484864
564 121115.7828112548
565 121862.61588289744
566 124109.74297951379
567 122110.51532140643
568 125520.24795590485
569 121719.34931692296
570 123513.62754403277
571 122343.41028895846
572 122724.57172411303
573 124214.36372917693
574 120367.0062437726
575 121620.65267755548
576 121969.63677910174
577 119380.09729006354
578 122564.37691113088
579 125217.28479561013
580 124197.808808001
581 124465.87412283402
582 123679.02250252875
583 120434.3091104623
584 122489.22062098874
585 121434.58994051623
586 122851.68167031065
587 122338.85025156433
588 123854.19365411531
589 122503.48940101695
590 122123.81182910902
591 119707.5322734555
592 121701.34067214924
593 122929.39061472913
594 121479.21981355827
595 121421.54583042752
596 123455.13200338942
597 123176.35016011201
598 124478.51723679977
599 122423.74949759913
600 125323.13202364859
601 122022.60660579025
602 123203.94362913637
603 124565.7610433367
604 123036.601781778
605 124323.02696849254
606 119609.45757889055
607 119177.27096183211
608 125027.73762471303
609 122629.72048700174
610 119162.71573723944
611 126894.94217370388
612 122416.37208961594
613 122626.07978027228
614 121667.82697016539
615 125446.18884516
616 120122.72210082272
617 122721.52497778101
618 120992.48785799541
619 124499.71360427757
620 119145.86765554786
621 123400.24245045343
622 123708.76500514259
623 120692.17739977872
624 122385.98235465915
625 124532.43255898212
626 124104.60275305806
627 118930.19643527616
628 122898.50087521806
629 122801.82338774254
630 122934.32557223132
631 123521.3554917326
632 122903.65896514493
633 122756.7369944105
634 124685.71096453795
635 124775.90938231224
636 123592.9465151878
637 124317.75583338557
638 120902.85850467859
639 122644.88365480669
640 121675.28878110694
641 121380.38717642282
642 122450.30688507405
643 120373.87414972781
644 123851.48206520079
645 122628.10812988091
646 125942.42080256398
647 121017.06956924166
648 123316.93643136015
649 122742.3303578721
650 119765.4062476506
651 120603.7872538406
652 123909.32033408285
653 124185.91466361709
654 123849.51609346441
655 123109.81398826723
656 122180.55595762473
657 120554.03511301512
658 129597.49252616809
659 122383.9487456735
660 117420.85724931523
661 124096.15523487426
662 124418.8338852493
663 130116.33916757122
664 127410.52903747969
665 117495.03804651804
666 124173.27285467094
667 122819.92191238224
668 121464.42159359196
669 122249.68747198737
670 124445.21890365686
671 121826.48734197163
672 123994.26740125199
673 123270.85118201408
674 120335.96407869823
675 123070.69686239187
676 119398.83319103741
677 123000.97610032477
678 122726.37222127206
679 121383.58380685614
680 120229.65558735415
681 122518.37509423675
682 122748.33763774269
683 122673.33280269783
684 123280.7096438407
685 121641.69708021119
686 123520.2252487274
687 123292.81190021349
688 124522.01128079013
689 119657.18136935707
690 120815.85355529614
691 121727.02589858501
692 123553.60034636209
693 123475.01869303982
694 124298.63556986002
695 122591.90226693095
696 123517.89608105422
697 123537.4995874873
698 122465.17913086302
699 125477.37285548133
700 124353.01378114519
701 124523.23247983742
702 123424.04122377193
703 123614.23375074063
704 123678.66285730152
705 122921.54429381572
706 123208.97430037783
707 124513.60229371271
708 122337.90397145768
709 122069.76309381811
710 119143.45170797866
711 123932.18221021084
712 121253.09241897968
713 123327.80827772056
714 123193.43736313363
715 122293.83409280001
716 119775.06957871078
717 124696.89681784873
718 121784.23494465054
719 124160.5357407335
720 121044.71524016818
721 119194.71174403813
722 121105.3687251731
723 121889.26902237635
724 123242.32360583739
725 118333.68082077427
726 122177.80040982696
727 122286.30102307559
728 126367.70398019491
729 127388.92713364032
730 123231.20782000275
731 122377.65146939101
732 121475.00791602407
733 122294.66721321546
734 121254.5172717729
735 127091.48243445937
736 123226.52716214531
737 137541.41950704073
738 117160.70453268416
739 124326.74767626116
740 123570.8874900745
741 122924.67163073001
742 124067.33388432216
743 119923.71417918884
744 124513.44916216654
745 123587.89879773227
746 120873.26211800636
747 124342.53425940803
748 122604.25642390466
749 122804.16873823508
750 118528.99128347173
751 124058.62081407204
752 124296.06405601637
753 120143.65184901429
754 122939.35214408622
755 120465.1450102301
756 122309.66870689376
757 119526.48484543955
758 126114.3537410225
759 127370.53557934852
760 120129.91112169421
761 124599.4049968156
762 123466.7710049773
763 121240.7912302295
764 126166.49233176508
765 124130.45856708038
766 121916.9889967488
767 128134.30928368996
768 122581.31213536109
769 123314.29467795849
770 124545.23610514787
771 122503.3936539825
772 122215.02280811353
773 122023.03054498773
774 123031.51197769737
775 124163.02029189105
776 121851.86363212149
777 122226.99938165597
778 124016.72891347496
779 122383.65932737177
780 120739.25965908973
781 122455.49481803773
782 121221.80011113668
783 123554.3319701578
784 119923.52296171265
785 124326.72680794458
786 123561.0819097652
787 121161.43999236116
788 122259.60636611123
789 124212.82784569201
790 122691.23771148358
791 124011.58583188352
792 122749.88156750186
793 124298.23907339464
794 124385.0779335807
795 120304.13045371385
796 120313.45865791797
797 123733.39286623227
798 123516.0921199313
799 124014.60431770289
800 123170.11042356589
801 122188.27550178356
802 123867.82048667378
803 123478.76975653961
804 124418.61857177966
805 118507.76600864847
806 124131.01166284534
807 124886.06215948923
808 119668.93649530422
809 123962.46747845337
810 123082.87724652678
811 124741.49488278423
812 122394.65403135317
813 123742.81705443983
814 126100.94285206613
815 121128.90363169373
816 122872.73991598347
817 123702.92122678725
818 124446.27570350484
819 124359.4382749472
820 123304.823503636
821 123914.32801428033
822 120309.72642141304
823 123244.82218319664
824 122019.11288665267
825 125018.14353602364
826 122425.35041082474
827 122493.384204751
828 122867.85096251227
829 122364.77271109205
830 124407.58110729737
831 123436.57691892101
832 124829.28973317647
833 123813.23828610922
834 123392.99191681713
835 121226.76796899844
836 123016.58452309169
837 122448.02300750956
838 122314.71435076663
839 122974.79425715178
840 119082.60637818938
841 123052.47106706833
842 123260.02301528615
843 120350.80671351355
844 123337.84548285574
845 119511.07121152098
846 124471.07493181586
847 121613.27369300087
848 117516.88725281465
849 125941.59718110759
850 123996.93683713966
851 124316.29006660123
852 116035.39200033242
853 124702.9432561537
854 122196.90869110265
855 122282.93040397571
856 126034.80982908406
857 123318.28959866334
858 122293.91163198803
859 123711.96494136489
860 119882.46772169466
861 122414.97064702309
862 121265.41370937687
863 121437.51430163886
864 123409.97463376152
865 121603.98308186069
866 119536.57751289621
867 120457.38022095457
868 124309.67970989452
869 123144.07814607263
870 120127.15647375616
871 123256.23168643602
872 120030.84773705278
873 120013.85011685356
874 120038.12891322226
875 123037.06659022612
876 124698.26131117743
877 121257.63950962869
878 124434.94393034131
879 122708.3940557973
880 123936.40374508002
881 121126.99301498898
882 124478.1740336729
883 120153.63716722046
884 124097.41627408052
885 121155.35628403461
886 123889.7207216211
887 124596.5772507104
888 122608.87004346546
889 120141.47962011563
890 124414.46427341404
891 122146.23012591474
892 119231.05632701128
893 120785.47203094204
894 123140.3045213881
895 123089.51697507793
896 123043.02520728813
897 121244.60930431171
898 122965.13167331369
899 120713.99111202311
900 121668.39506187235
901 122963.22346041659
902 122696.8136230725
903 124140.49090774523
904 120539.4194597365
905 122208.48375818742
906 121919.28647415109
907 123547.1999708667
908 124448.39550895289
909 125899.53523278222
910 122585.56984785038
911 123392.19312529228
912 123633.21255626937
913 122789.56567514587
914 125129.73603217871
915 122498.01516898847
916 120445.64923178205
917 122656.46509045536
918 123370.98964135932
919 121501.33440048672
920 123108.06227665041
921 123536.02117406194
922 121229.37680708719
923 122753.79446522816
924 120398.3050385635
925 122562.45695529398
926 121317.74025285727
927 123811.33276979259
928 124118.43183291606
929 120731.52855159798
930 123743.22652688964
931 123609.93124250161
932 121688.94682893308
933 122700.558684508
934 126267.95670674417
935 123816.00441578802
936 123937.60978434877
937 124278.585655679
938 123999.59427035796
939 118985.79672774275
940 122596.03828297052
941 121596.65481018864
942 122872.19380026622
943 123177.25709337668
944 124806.34430860431
945 124247.5299539453
946 125185.47147197313
947 124963.17208734495
948 122580.9480863282
949 125015.5381937598
950 121126.28250590511
951 124031.1008940096
952 131648.44014868027
953 118757.90927983112
954 123199.00059162009
955 123582.06802006495
956 121724.39235167111
957 120803.86791205851
958 122175.50165560092
959 122070.50767241305
960 118406.67911809767
961 123751.83874057789
962 124034.32167862436
963 119411.01646547914
964 123383.50398185753
965 120939.89279674843
966 124350.19489094337
967 123658.876576655
968 127715.9239537743
969 122801.10611874328
970 126481.20386598812
971 121727.42733642255
972 128156.6110965251
973 121968.5030051428
974 127134.5592325349
975 124158.69889473997
976 133910.16126454895
977 123268.92049432536
978 117427.73121160797
979 127551.98731452979
980 122546.07089614861
981 122818.8049141501
982 124122.91159552248
983 120835.03670935852
984 123355.42094136662
985 122933.76635715847
986 123449.15423113723
987 122777.3678931061
988 120457.31481347326
989 121756.3162838534
990 122069.77382940907
991 122965.82108473945
992 121214.89431685954
993 125237.22339770322
994 123491.14674665211
995 123574.38539937123
996 121757.993526172
997 122427.9899305064
998 124382.06418410635
999 124452.85031749377
1000 123111.67463910503
1001 124232.96643515857
1002 122064.06527673762
1003 125168.8343908513
1004 122223.87868491205
1005 124267.1953010857
1006 123507.68562743739
1007 124569.03832494428
1008 122762.22760446939
1009 122702.959948823
1010 124137.57955123468
1011 122411.72235551562
1012 122976.01207887536
1013 123222.63028500893
1014 120138.38433055555
1015 122720.61775581501
1016 122664.24814821217
1017 120478.14018056338
1018 133981.05225847592
1019 121618.28389987366
1020 122938.48223671946
1021 124516.01965141538
1022 124223.25002592446
1023 121820.56047549669
1024 122673.06074132699
1025 122900.58587493551
1026 121575.10321973579
1027 120986.21181002233
1028 123177.59542170484
1029 122455.63513512617
1030 123240.43665700089
1031 124895.47288287163
1032 122454.19873286656
1033 123327.53699034489
1034 121701.09813029105
1035 120363.83245493552
1036 124069.50708071777
1037 119687.91818409228
1038 115974.74970518715
1039 124175.75369266716
1040 119604.50005534952
1041 124660.3775682083
1042 121733.1143013511
1043 127502.77389885277
1044 123398.18618703936
1045 125553.47679092335
1046 123559.7219159479
1047 122976.27128760287
1048 120549.64091493658
1049 121004.25618671623
1050 122791.29937652995
1051 121608.28453465125
1052 120636.44428197306
1053 125200.64574961239
1054 123832.23661663897
1055 119798.55004966518
1056 122777.68763684471
1057 119834.93692787868
1058 121148.80512291206
1059 123798.29359281683
1060 125542.4253111294
1061 125601.30229835713
1062 121890.26315579898
1063 128253.37213798927
1064 119797.46444914782
1065 125570.6276212065
1066 124116.45018013952
1067 122319.41628242844
1068 124475.13298392789
1069 123224.51985953333
1070 121841.66883449239
1071 118270.70791111412
1072 119286.1060535375
1073 123068.00972174159
1074 121992.71889809883
1075 123330.84123198083
1076 122416.69970030848
1077 120607.96951547699
1078 123460.07511683207
1079 118008.9667611242
1080 119670.00816163776
1081 121970.01492085558
1082 123175.24576938305
1083 121591.36470072111
1084 124121.22997244526
1085 124385.94067029271
1086 123487.10919429167
1087 119750.49012728939
1088 118461.20357838784
1089 124319.32280702733
1090 123119.93346943651
1091 123737.18224145022
1092 123204.90822667493
1093 120226.98629296577
1094 122299.24122164409
1095 123545.94520106175
1096 122937.43321450004
1097 121212.93784384392
1098 203196.95250222826
1099 123268.68216341049
1100 123453.60406338453
1101 124077.35457420071
1102 124074.85052609399
1103 122106.49838697944
1104 119399.40107442316
1105 122252.90187786437
1106 123186.4421604473
1107 122647.55801293411
1108 123673.93201115238
1109 123820.76572001287
1110 123121.50284617835
1111 124082.4084583184
1112 122123.32172062821
1113 122268.99223387669
1114 122286.9884903988
1115 122029.7423001964
1116 121306.44829311346
1117 123254.1867183064
1118 126727.6093880644
1119 122954.00931194956
1120 119550.25768536046
1121 122704.94717334896
1122 120750.97671740432
1123 123211.82585666972
1124 122097.63368874739
1125 121937.45098530882
1126 122052.69895465739
1127 121291.85434061161
1128 123281.53560611988
1129 120628.51480124032
1130 122027.78947761474
1131 122264.12582795917
1132 123645.45317484124
1133 124242.36858308049
1134 123538.28353552967
1135 123925.74226292933
1136 124076.14098486255
1137 124522.98569433
1138 122858.4043187648
1139 123129.52614888482
1140 119237.99222451936
1141 123969.52841469654
1142 122591.14829987955
1143 122637.54211247971
1144 124157.86648846645
1145 122103.2357906331
1146 132925.0757794333
1147 123159.71365826325
1148 120336.35040126683
1149 121708.45555951097
1150 123313.30721468452
1151 123523.18370254907
1152 120981.44840929341
1153 124411.49851793391
1154 122919.32490322895
1155 119646.84056275501
1156 122070.64294425915
1157 122512.17536302721
1158 123346.70236434818
1159 124353.66751767907
1160 123652.02648113317
1161 121083.97214449901
1162 124047.89663842447
1163 124142.18370189302
1164 123022.2618359926
1165 122900.1467289913
1166 123956.25236600358
1167 121723.61008952552
1168 123944.28906691533
1169 123113.79423079266
1170 122561.38339817182
1171 122758.85094270938
1172 123693.67505368625
1173 124489.60846859196
1174 121203.40904156907
1175 119869.11331549412
1176 121100.28521909552
1177 124059.33914397025
1178 125632.13058261407
1179 121967.48070061197
1180 122829.07139546385
1181 123206.32759335326
1182 120151.4391868855
1183 121459.05320222377
1184 123620.05769749926
1185 123891.12293931782
1186 170369.4420682047
1187 123917.7660263592
1188 121163.79991548648
1189 123135.29862515972
1190 121988.07563816066
1191 125775.46381588015
1192 124605.1528845894
1193 123766.85385112152
1194 122599.3202313221
1195 121441.70399663482
1196 122892.79885793975
1197 122235.74289711252
1198 125474.72729851898
1199 121684.59895242771
1200 125600.63121972162
1201 123943.67379818775
1202 122335.26014190339
1203 124765.50427953785
1204 123746.01646653406
1205 123081.86681830326
1206 119168.72015168084
1207 123150.86012217196
1208 123586.7734099205
1209 124670.72664723548
1210 122310.07797592318
1211 124827.09462126326
1212 128457.98796924707
1213 119779.96890529938
1214 123621.78327493083
1215 122330.27560885237
1216 122014.87899230099
1217 124285.02140422689
1218 121406.85059437173
1219 122389.74573641857
1220 122220.68337886332
1221 128183.57809950483
1222 121305.03505818568
1223 124133.77578543843
1224 122094.02719725507
1225 124526.78481611011
1226 121080.7364186272
1227 122773.20132584499
1228 121346.88120031432
1229 121010.00411142631
1230 122261.93795313007
1231 124753.70262623149
1232 126746.89926597761
1233 122476.28374566887
1234 123041.31149719156
1235 122673.6916314852
1236 119068.16342528113
1237 122303.7697089324
1238 123914.51606178304
1239 122553.24732199416
1240 123365.21595754537
1241 124363.86792157822
1242 123873.78372920894
1243 123532.10747335416
1244 124466.80377033107
1245 123652.37351705942
1246 121017.87916249142
1247 121324.91806751885
1248 123430.58262060538
1249 124416.06751588485
1250 123813.24761338504
1251 123538.24371223028
1252 122227.3901613873
1253 123918.96333462476
1254 122635.86547020572
1255 124839.90038369046
1256 123556.08674459078
1257 122925.959872566
1258 121586.77702694193
1259 121087.71350830609
1260 121187.36078702692
1261 124287.72936198101
1262 120595.59779351192
1263 122214.41879920437
1264 121287.68622708344
1265 123493.97814190669
1266 123140.73645643734
1267 124237.7837630285
1268 118605.18974423726
1269 123990.0910859817
1270 125324.77536329809
1271 123056.47362770529
1272 121610.78122211859
1273 124881.76947726263
1274 121227.22935800304
1275 125697.06140035007
1276 124276.23027218807
1277 122547.58399026131
1278 121186.00072726795
1279 124422.23917863044
1280 123729.54591214536
1281 123099.06910993438
1282 124233.80718556856
1283 122254.14117268588
1284 123758.83158156146
1285 122001.2137466414
1286 130680.44040730079
1287 120902.41240322271
1288 123403.6278669366
1289 122459.11601639837
1290 124192.1528151584
1291 121986.47015521454
1292 122778.85088548351
1293 124278.57076051152
1294 123015.4015988393
1295 122819.02997458115
1296 123868.72716645444
1297 120860.8691418897
1298 122791.1892552769
1299 121654.98707508888
1300 121865.86366765985
1301 122308.88554922084
1302 121574.90767514698
1303 123976.3053947513
1304 121604.93397202474
1305 124332.09995375958
1306 116106.13686432032
1307 123709.0695799909
1308 121242.64394261273
1309 122383.28133535798
1310 123210.05137394581
1311 122318.68719081036
1312 124118.82628737431
1313 122053.29672332664
1314 123521.74913886767
1315 123506.04529962577
1316 122893.54308622231
1317 122983.79961398737
1318 119927.18348787483
1319 122691.72159837458
1320 122121.41120012128
1321 122386.03678344857
1322 119446.10796163487
1323 124218.74906081523
1324 122554.31481470125
1325 120123.65845525578
1326 123445.48757726044
1327 121905.17284222913
1328 122777.47237950338
1329 123288.35080404027
1330 124397.92237607691
1331 122281.93327716547
1332 122020.83376330028
1333 122260.43252250405
1334 124510.96839088768
1335 122629.49183323135
1336 123295.46737342996
1337 122528.05750662247
1338 119108.51196880004
1339 123384.90584741283
1340 122292.62536785373
1341 123944.21735500901
1342 120819.50420217494
1343 119177.64064478294
1344 121115.11304097156
1345 123200.18970512821
1346 122793.316171332
1347 117994.85359041
1348 126668.42077449901
1349 123606.47521600699
1350 126821.48379349262
1351 118559.2253871263
1352 121197.34251737974
1353 124344.73813692592
1354 121757.83411865318
1355 121538.43026608201
1356 123971.2436375479
1357 120428.59123909568
1358 119869.96384199488
1359 122265.31808530477
1360 121795.78403079986
1361 122774.81320461673
1362 118829.38095401796
1363 123805.40758998533
1364 122394.29394853768
1365 122050.47570238767
1366 122544.89003674046
1367 123536.37493049326
1368 124079.73694766984
1369 123013.23549793313
1370 124312.97029226572
1371 120410.56964457262
1372 123596.17290510953
1373 116272.22386530167
1374 124281.5831927693
1375 122811.06559681939
1376 121125.87372982937
1377 123719.4588426013
1378 122952.8368975243
1379 120394.77960215378
1380 124033.87872175824
1381 119949.9049082523
1382 120667.41570879913
1383 124323.3859288985
1384 123510.52613704067
1385 123506.30738100578
1386 123596.44728172022
1387 123887.04617054736
1388 122110.87413304704
1389 119918.12255982004
1390 124245.76957190382
1391 124549.2731738845
1392 120793.48150961343
1393 121669.13760576882
1394 119309.90993112298
1395 121798.015392032
1396 123255.18442406571
1397 124544.85223043045
1398 124747.9318850703
1399 119911.39296349547
1400 123558.21580975698
1401 123844.61046008066
1402 124538.49844745296
1403 122945.01801966861
1404 123688.83537542232
1405 117671.33282527502
1406 123375.28095259587
1407 121663.19603655882
1408 123334.60371092637
1409 121559.37960385857
1410 121022.88743099025
1411 124032.66251009573
1412 120998.84275557684
1413 122745.43343354698
1414 124053.8626678842
1415 123851.47858175987
1416 123048.33729455361
1417 123822.19052510556
1418 122753.50907364952
1419 125170.24818986605
1420 124025.95291037616
1421 124412.17897106755
1422 121889.24073512777
1423 121387.20722815684
1424 122073.08339159632
1425 124230.19986116455
1426 122325.99085605485
1427 123822.21406940794
1428 120827.1847568018
1429 119846.01134901149
1430 123369.29263203162
1431 123260.9149009868
1432 123704.18602705197
1433 124669.82748371443
1434 127997.0583661907
1435 123007.84304047949
1436 123706.30042545703
1437 123167.06852669941
1438 124330.70662475628
1439 125136.88497906171
1440 122516.2364308336
1441 123217.12934310883
1442 124345.66610277155
1443 121438.02043711476
1444 124353.24478259428
1445 123367.40071080107
1446 123170.14602286028
1447 123150.43202071989
1448 123224.6669880601
1449 122007.67149707921
1450 124187.18117108909
1451 122630.13432067998
1452 122325.76388463532
1453 121789.61694254106
1454 119933.1287389182
1455 123523.267294383
1456 125255.06413279145
1457 122697.27600845961
1458 121974.36401458706
1459 124456.80917395973
1460 120941.59671124797
1461 123283.22306387388
1462 119041.35688111516
1463 123614.09195680534
1464 121664.47293809222
1465 125683.65258044226
1466 120110.09937063143
1467 125718.90253951777
1468 124094.33804265791
1469 123334.48312471993
1470 120763.91613834619
1471 122055.75891641909
1472 122149.61923695637
1473 122435.27815304736
1474 125067.61264486118
1475 123490.82638780105
1476 120010.56172747465
1477 120456.77274129375
1478 120584.53494326037
1479 121380.33824323659
1480 124351.84482492243
1481 125744.43916120363
1482 122500.52857969573
1483 121729.47353359126
1484 123882.08444877333
1485 123689.3787459054
1486 118762.73254519157
1487 123063.17777459191
1488 120192.83230380897
1489 122249.12859403514
1490 119829.7429659422
1491 123050.0395643803
1492 123304.30012766978
1493 123667.64027836536
1494 123109.56241126872
1495 120564.20425516099
1496 120403.55183106997
1497 123854.03264669912
1498 122700.76966706521
1499 123708.14829861993
1500 122103.39424262206
1501 115902.66008087492
1502 121607.17732767278
1503 125413.03125345743
1504 122174.4409940699
1505 124004.55822209724
1506 123590.88616696117
1507 118925.77529980501
1508 123813.73578403049
1509 120508.72894429772
1510 123579.08274233226
1511 121322.93265197719
1512 124472.40698222691
1513 123344.89701006633
1514 121631.7007096724
1515 124267.3981857792
1516 121434.112202157
1517 124890.15750985162
1518 123050.92684711657
1519 123591.22702008321
1520 123752.72217587316
1521 124373.10474803929
1522 119966.08920735415
1523 119312.29500250003
1524 121302.8426649713
1525 122127.73083746669
1526 120236.73456324937
1527 122700.36586049736
1528 123229.3616079105
1529 123273.41726724479
1530 122974.05315911636
1531 124074.32516751971
1532 123944.80611366859
1533 123012.46757305089
1534 120819.82126431179
1535 122026.77343002346
1536 121784.01168385515
1537 124399.03959104166
1538 123727.20714610159
1539 124251.51726290991
1540 119181.53963889477
1541 122679.00848175846
1542 119538.42859727939
1543 123859.39420596944
1544 121873.53681060606
1545 123103.51377146381
1546 121610.45185066463
1547 122151.34587415378
1548 124484.83237403554
1549 121759.28456899321
1550 122931.3631326855
1551 122704.83697065714
1552 123452.30500676864
1553 121914.61445495393
1554 122120.26938623447
1555 121250.99910018226
1556 129164.34166038813
1557 122289.95016488132
1558 122141.82742270258
1559 122335.08631684491
1560 122857.98947573957
1561 123323.4106334543
1562 117159.54464813003
1563 119577.10618866135
1564 124510.31685151
1565 121812.17514165434
1566 121985.99006269453
1567 121195.74295561535
1568 124043.79843596656
1569 123675.19846180457
1570 124424.35764650977
1571 124142.64453465265
1572 122489.49262743177
1573 122076.99379126097
1574 122718.51605709534
1575 121682.63982929707
1576 120516.82105887152
1577 121944.44031727822
1578 122850.13375620163
1579 121970.77147686783
1580 123552.17383649827
1581 123966.56708462774
1582 123332.53919532718
1583 130987.41515976541
1584 119501.64351986334
1585 121596.52119047141
1586 123310.89759021699
1587 122971.49096919836
1588 122841.10024927449
1589 123065.53113721532
1590 125150.82436631122
1591 123078.63322788259
1592 123551.79815890126
1593 123665.04497376761
1594 118129.30914589894
1595 122327.4845383027
1596 124486.41087830464
1597 122740.018986798
1598 122297.72307620033
1599 122439.79128914487
1600 123250.45326164624
1601 122459.73612347613
1602 123221.18544189652
1603 121081.65303948995
1604 126438.27368732779
1605 122814.5701195469
1606 121907.77940184508
1607 123459.78021649642
1608 121805.49674277398
1609 120037.30760924354
1610 123599.13526129416
1611 121783.14326509404
1612 124520.43049825125
1613 121127.22837429903
1614 121484.28320767629
1615 124319.00130643966
1616 123592.37955981701
1617 118100.51469267
1618 123051.81004799624
1619 120737.3524497225
1620 121239.36854728687
1621 123843.62722813038
1622 124508.33677016156
1623 123976.87094652583
1624 123810.7548836512
1625 122206.72620424112
1626 119519.54313510408
1627 124014.7858442103
1628 124712.1638915108
1629 120548.08130402568
1630 123273.37788006723
1631 121379.01127838173
1632 118960.94766731588
1633 117757.51438243914
1634 122444.73014798951
1635 120142.62396912237
1636 122378.59278866352
1637 124034.02405866119
1638 123809.48191893334
1639 121730.79319166926
1640 120862.0261128137
1641 121212.75376246385
1642 123440.14547325026
1643 122093.85258269006
1644 123108.07484324422
1645 123736.28942319698
1646 123063.35258425161
1647 120248.28638163015
1648 124476.30524618736
1649 122745.26482926318
1650 122361.13802003693
1651 122475.65971686259
1652 122389.31179628136
1653 122993.25190855957
1654 124259.11319366941
1655 122690.2494826418
1656 120762.29285762548
1657 119502.20977776479
1658 121806.49321317862
1659 123341.93962037777
1660 123770.74940986553
1661 120192.31481655918
1662 123336.20935615117
1663 121833.87029592233
