0 1511400
1 483900
2 262000
3 226100
4 235200
5 249300
6 242900
7 232300
8 239000
9 256500
10 235200
11 120200
12 139300
13 118000
14 110200
15 107800
16 109700
17 115100
18 108900
19 102500
20 108700
21 143900
22 121200
23 99600
24 102400
25 100400
26 113200
27 97400
28 100600
29 101000
30 100200
31 94900
32 97000
33 97900
34 105200
35 98000
36 117600
37 92100
38 94200
39 89600
40 92400
41 220200
42 190700
43 197700
44 240500
45 224000
46 253200
47 244700
48 97000
49 93800
50 90800
51 93300
52 94400
53 91300
54 89000
55 94100
56 117000
57 91800
58 88900
59 104400
60 96600
61 95700
62 93100
63 96900
64 93700
65 114100
66 88100
67 92700
68 93700
69 93200
70 98100
71 99000
72 95800
73 92200
74 89400
75 93400
76 114300
77 91900
78 90700
79 143600
80 101100
81 103800
82 102700
83 104600
84 103800
85 126500
86 103900
87 98000
88 104300
89 121400
90 102400
91 102800
92 49400
93 96800
94 35400
95 34900
96 40500
97 79300
98 38400
99 37500
100 49600
101 119000
102 38100
103 50900
104 28500
105 26700
106 27400
107 28200
108 26800
109 27800
110 27000
111 28600
112 116100
113 27800
114 26900
115 26500
116 26800
117 27300
118 28500
119 50200
120 28200
121 26900
122 33700
123 26900
124 26400
125 29500
126 26800
127 37400
128 27000
129 26800
130 29600
131 27500
132 28400
133 58700
134 28700
135 28100
136 27400
137 28300
138 28500
139 28800
140 27500
141 28800
142 27400
143 27500
144 111600
145 28000
146 30100
147 27300
148 31000
149 28700
150 29700
151 29200
152 28500
153 33800
154 29100
155 129400
156 28400
157 28300
158 29500
159 29500
160 29300
161 28200
162 30500
163 28000
164 28300
165 38600
166 28500
167 30300
168 28800
169 27600
170 28000
171 28700
172 29100
173 27800
174 28900
175 26800
176 132100
177 29100
178 30300
179 30300
180 29000
181 29700
182 27700
183 28900
184 30800
185 28200
186 32200
187 110600
188 30900
189 30200
190 29200
191 31500
192 32700
193 31900
194 31000
195 34000
196 38700
197 54400
198 133600
199 31400
200 31800
201 52700
202 56900
203 52900
204 33000
205 52500
206 52300
207 53500
208 114200
209 58500
210 32100
211 31300
212 30000
213 30500
214 32300
215 29700
216 34600
217 54900
218 53200
219 147900
220 30800
221 32000
222 29100
223 32800
224 55700
225 30400
226 31400
227 29900
228 31100
229 30800
230 130100
231 31100
232 34300
233 56900
234 87800
235 32200
236 14500
237 13400
238 13200
239 13800
240 47000
241 14000
242 15800
243 14100
244 14000
245 18300
246 14000
247 14900
248 28900
249 29300
250 25300
251 26100
252 25300
253 25000
254 26300
255 25500
256 25700
257 23200
258 24200
259 15800
260 15300
261 16000
262 14400
263 16300
264 13900
265 13900
266 14100
267 14400
268 16000
269 13500
270 14400
271 13300
272 108700
273 14300
274 14000
275 15500
276 14300
277 14500
278 13700
279 13900
280 44400
281 15200
282 16400
283 13800
284 14400
285 14700
286 14600
287 14800
288 13800
289 16400
290 14500
291 14400
292 14700
293 25500
294 25400
295 22600
296 25500
297 22800
298 22400
299 23600
300 14000
301 16500
302 15200
303 27700
304 81100
305 21900
306 14300
307 13800
308 16100
309 14900
310 16200
311 10600
312 10200
313 9700
314 9600
315 11900
316 11400
317 11800
318 10000
319 10100
320 10000
321 10100
322 12100
323 9400
324 11400
325 9700
326 9800
327 10100
328 10200
329 11700
330 9700
331 10800
332 10700
333 10100
334 9900
335 24200
336 12400
337 12900
338 18800
339 9500
340 9300
341 9800
342 10000
343 11600
344 8700
345 10300
346 8900
347 9000
348 10100
349 10000
350 12000
351 9400
352 10300
353 9800
354 9400
355 10400
356 9500
357 11200
358 9300
359 9200
360 12000
361 9700
362 11000
363 10000
364 12000
365 9400
366 9300
367 9500
368 10300
369 11100
370 9200
371 11400
372 9200
373 8600
374 9200
375 9100
376 11200
377 9200
378 11100
379 8900
380 8900
381 9400
382 8900
383 10700
384 8900
385 10900
386 9400
387 9100
388 8700
389 10800
390 11700
391 9700
392 10700
393 9200
394 9200
395 9500
396 9500
397 11200
398 8800
399 10700
400 9000
401 8800
402 9400
403 10100
404 18900
405 9900
406 10800
407 9200
408 9200
409 10300
410 9000
411 11400
412 9000
413 10000
414 8900
415 9000
416 10000
417 9300
418 11500
419 8600
420 9900
421 9000
422 9200
423 10000
424 9600
425 11000
426 9400
427 14200
428 26000
429 8800
430 10700
431 9400
432 11300
433 9300
434 9000
435 9200
436 8600
437 12600
438 9400
439 11400
440 9400
441 9300
442 10000
443 9300
444 11000
445 9000
446 11500
447 8800
448 9000
449 9100
450 9100
451 11200
452 9000
453 10300
454 10500
455 9300
456 9200
457 9000
458 11200
459 9300
460 10300
461 9100
462 9200
463 9800
464 8900
465 11300
466 8900
467 10200
468 8600
469 9100
470 9900
471 11200
472 11100
473 8900
474 10400
475 8900
476 8600
477 9900
478 9100
479 11500
480 9200
481 10200
482 9200
483 9600
484 10300
485 8900
486 11700
487 9000
488 9600
489 8900
490 9100
491 10500
492 9700
493 11800
494 9300
495 8600
496 9100
497 9400
498 10400
499 9000
500 11200
501 9300
502 9100
503 8900
504 9100
505 11000
506 18700
507 11300
508 9400
509 9100
510 8900
511 9200
512 10400
513 9200
514 10000
515 8800
516 8700
517 9100
518 8700
519 11100
520 8800
521 10300
522 8300
523 8500
524 9100
525 9100
526 10700
527 8800
528 10000
529 8700
530 18800
531 10300
532 9000
533 11200
534 8700
535 9700
536 9300
537 9700
538 9400
539 9300
540 10900
541 9400
542 9600
543 8900
544 8900
545 9900
546 8600
547 11000
548 8800
549 9400
550 8900
551 8700
552 9600
553 10000
554 11700
555 9200
556 9600
557 9200
558 8800
559 9900
560 9400
561 11400
562 8500
563 8800
564 8600
565 9000
566 10700
567 9000
568 10800
569 9200
570 9300
571 9100
572 9100
573 10800
574 8900
575 11000
576 9600
577 9400
578 9300
579 9300
580 11400
581 15100
582 11000
583 9000
584 9000
585 9200
586 9400
587 10900
588 8900
589 10600
590 9000
591 8800
592 9100
593 8600
594 11100
595 9000
596 10500
597 8600
598 8200
599 9000
600 9000
601 10900
602 8400
603 10400
604 8900
605 8900
606 9800
607 8800
608 10900
609 8600
610 9700
611 8700
612 9100
613 9900
614 8900
615 11200
616 8500
617 8900
618 8400
619 8900
620 10100
621 8900
622 10800
623 9000
624 9700
625 9000
626 13300
627 10700
628 9400
629 18000
630 9000
631 8700
632 8700
633 8500
634 10700
635 8500
636 11200
637 8800
638 8700
639 12700
640 8500
641 10200
642 9000
643 11000
644 9100
645 8700
646 8800
647 9600
648 10800
649 8600
650 10500
651 9000
652 8500
653 9300
654 8800
655 11000
656 8900
657 10200
658 8300
659 8700
660 9100
661 9100
662 11200
663 8700
664 9900
665 8900
666 8600
667 9500
668 9000
669 11200
670 8800
671 10300
672 10400
673 8800
674 19400
675 19000
676 11000
677 8700
678 9600
679 9100
680 8900
681 9900
682 8400
683 11400
684 8900
685 9000
686 8800
687 9000
688 10200
689 8700
690 10500
691 8600
692 9100
693 8200
694 8600
695 10700
696 8800
697 10700
698 9400
699 55900
700 9400
701 9500
702 10600
703 9300
704 19800
705 13900
706 8400
707 8400
708 8600
709 10100
710 8900
711 10400
712 8500
713 8400
714 8900
715 8500
716 10000
717 18500
718 10800
719 8700
720 8500
721 9300
722 8900
723 10900
724 8500
725 10400
726 8400
727 8700
728 9300
729 8800
730 10700
731 8700
732 9700
733 8400
734 9000
735 9100
736 9000
737 11000
738 8500
739 10700
740 8600
741 9200
742 20500
743 8900
744 10500
745 9600
746 9200
747 9100
748 8300
749 9700
750 8400
751 10800
752 9100
753 8700
754 8500
755 8700
756 11900
757 8500
758 10400
759 8400
760 8400
761 8300
762 10700
763 10800
764 9100
765 11300
766 8900
767 8700
768 8500
769 9000
770 10900
771 9400
772 11300
773 8700
774 9300
775 8500
776 9100
777 10700
778 8500
779 10200
780 8700
781 8500
782 8800
783 8500
784 11100
785 15500
786 16000
787 10900
788 8900
789 9300
790 9500
791 11100
792 8800
793 9500
794 8600
795 8900
796 9100
797 8800
798 11100
799 8800
800 9600
801 8400
802 8700
803 9500
804 9000
805 10900
806 13400
807 16300
808 14800
809 18500
810 16100
811 15000
812 17200
813 14700
814 15200
815 14300
816 9800
817 10800
818 15100
819 11100
820 8500
821 8400
822 8500
823 8500
824 10800
825 9100
826 11000
827 8800
828 17400
829 8500
830 8500
831 10000
832 8600
833 10400
834 8700
835 18100
836 8300
837 8800
838 10100
839 8700
840 10000
841 16400
842 19100
843 8700
844 8700
845 10800
846 9000
847 21400
848 9000
849 8600
850 9400
851 8700
852 10200
853 8200
854 10100
855 9100
856 10100
857 8900
858 8800
859 10400
860 8600
861 9700
862 8900
863 8400
864 9300
865 8900
866 10600
867 8800
868 9400
869 8300
870 9200
871 10200
872 9400
873 11100
874 9200
875 9200
876 9000
877 8800
878 9900
879 8800
880 10600
881 8900
882 19600
883 11200
884 9200
885 24100
886 9500
887 26900
888 10000
889 9300
890 9200
891 9100
892 10100
893 8900
894 27000
895 9300
896 9200
897 9100
898 9000
899 10400
900 9100
901 10600
902 8800
903 8600
904 9000
905 9700
906 11300
907 8700
908 10600
909 9500
910 8700
911 9500
912 9100
913 11100
914 8500
915 10300
916 8600
917 8400
918 9100
919 8600
920 11500
921 8900
922 10400
923 8900
924 8900
925 9200
926 8800
927 11300
928 9200
929 9500
930 8800
931 8700
932 10000
933 8800
934 11100
935 9800
936 9700
937 9100
938 8700
939 10100
940 8800
941 10800
942 8500
943 9300
944 9100
945 9000
946 10100
947 9500
948 10800
949 8800
950 8900
951 8600
952 8800
953 9600
954 9300
955 11600
956 9200
957 8700
958 9100
959 9300
960 10900
961 8400
962 10700
963 8600
964 8500
965 9100
966 11600
967 11900
968 9600
969 11600
970 9100
971 9000
972 8200
973 8700
974 11300
975 8800
976 9900
977 8900
978 9100
979 9600
980 8600
981 20700
982 8900
983 9600
984 8800
985 8800
986 9600
987 8700
988 10800
989 8500
990 9400
991 9000
992 9000
993 9400
994 9000
995 10800
996 9000
997 9400
998 8900
999 9000
1000 9500
1001 9100
1002 11100
1003 8500
1004 9300
1005 9100
1006 8500
1007 9900
1008 9000
1009 11000
1010 9100
1011 8800
1012 8500
1013 8800
1014 9800
1015 8800
1016 10500
1017 8600
1018 8600
1019 8700
1020 8700
1021 10400
1022 8400
1023 10700
1024 8900
1025 9500
1026 8500
1027 9000
1028 10900
1029 8700
1030 10800
1031 8900
1032 8800
1033 8600
1034 8900
1035 10600
1036 8500
1037 25300
1038 8700
1039 8600
1040 8500
1041 8800
1042 10600
1043 8900
1044 10100
1045 8600
1046 8700
1047 9600
1048 10500
1049 10700
1050 8800
1051 19000
1052 9300
1053 9000
1054 9400
1055 8800
1056 11200
1057 8800
1058 9400
1059 8500
1060 8800
1061 9400
1062 8700
1063 11000
1064 8900
1065 9300
1066 8800
1067 8600
1068 9600
1069 8300
1070 11800
1071 9000
1072 9000
1073 8900
1074 9400
1075 9800
1076 8500
1077 10500
1078 8300
1079 8900
1080 8600
1081 8900
1082 10100
1083 8700
1084 10600
1085 9000
1086 8900
1087 10100
1088 8600
1089 10200
1090 8500
1091 10600
1092 8500
1093 17400
1094 10300
1095 9300
1096 11200
1097 9000
1098 10700
1099 8900
1100 8400
1101 8600
1102 8700
1103 14600
1104 8800
1105 11000
1106 8500
1107 8700
1108 9000
1109 8500
1110 10800
1111 8700
1112 9900
1113 9000
1114 8700
1115 9100
1116 9200
1117 20400
1118 9100
1119 9900
1120 9000
1121 9000
1122 9500
1123 9000
1124 10900
1125 8700
1126 10100
1127 18300
1128 8400
1129 9800
1130 8700
1131 10300
1132 8900
1133 9300
1134 9000
1135 8600
1136 9700
1137 10300
1138 10700
1139 12000
1140 8800
1141 9700
1142 9200
1143 10100
1144 8500
1145 10600
1146 8800
1147 8600
1148 8900
1149 8300
1150 10600
1151 9000
1152 10400
1153 8600
1154 8700
1155 8700
1156 8900
1157 10700
1158 8900
1159 10300
1160 8300
1161 8600
1162 9800
1163 9100
1164 10800
1165 8600
1166 19700
1167 8900
1168 8900
1169 8900
1170 8900
1171 10600
1172 8700
1173 10300
1174 8500
1175 8700
1176 9400
1177 9300
1178 10800
1179 8800
1180 9800
1181 18400
1182 9300
1183 9500
1184 8800
1185 11300
1186 8700
1187 9000
1188 9000
1189 8800
1190 9800
1191 8700
1192 10700
1193 8800
1194 9000
1195 8900
1196 8400
1197 9900
1198 8600
1199 10900
1200 8700
1201 12900
1202 8400
1203 8900
1204 10000
1205 8600
1206 11000
1207 8700
1208 11400
1209 8800
1210 8900
1211 10600
1212 8800
1213 10400
1214 8600
1215 8400
1216 8900
1217 8900
1218 10600
1219 8400
1220 10300
1221 8500
1222 19200
1223 8500
1224 8600
1225 17300
1226 9200
1227 10700
1228 8800
1229 8900
1230 9100
1231 9200
1232 10700
1233 8800
1234 9700
1235 9200
1236 8700
1237 8500
1238 9000
1239 11000
1240 8800
1241 10600
1242 8400
1243 8800
1244 9300
1245 8900
1246 11000
1247 8500
1248 9400
1249 19400
1250 8500
1251 9500
1252 9400
1253 11300
1254 8900
1255 9800
1256 8700
1257 19100
1258 9400
1259 9000
1260 10900
1261 8800
1262 9600
1263 8400
1264 8900
1265 9500
1266 8500
1267 10700
1268 8700
1269 10000
1270 9100
1271 8400
1272 10000
1273 8800
1274 11500
1275 8800
1276 9100
1277 8800
1278 8700
1279 10500
1280 9900
1281 10400
1282 8600
1283 8500
1284 8800
1285 8800
1286 10400
1287 8700
1288 10700
1289 8900
1290 8500
1291 8700
1292 8800
1293 10700
1294 8600
1295 10300
1296 9200
1297 8800
1298 8900
1299 9000
1300 11600
1301 9500
1302 10300
1303 8600
1304 8800
1305 8600
1306 8600
1307 11000
1308 8600
1309 10100
1310 20600
1311 8800
1312 9300
1313 9200
1314 11100
1315 8800
1316 10300
1317 8500
1318 8500
1319 9000
1320 9000
1321 11300
1322 9100
1323 9300
1324 9300
1325 8700
1326 9200
1327 8900
1328 10900
1329 9300
1330 9300
1331 8400
1332 8900
1333 10000
1334 8500
1335 12200
1336 8800
1337 8900
1338 8700
1339 8800
1340 10200
1341 8500
1342 10500
1343 8700
1344 9200
1345 8800
1346 8400
1347 10900
1348 9100
1349 10300
1350 8800
1351 8200
1352 8500
1353 8500
1354 10100
1355 16100
1356 10900
1357 9000
1358 8900
1359 8500
1360 9200
1361 10600
1362 8500
1363 10300
1364 8600
1365 8600
1366 8500
1367 9500
1368 10900
1369 8800
1370 10900
1371 8600
1372 8700
1373 8500
1374 8600
1375 10800
1376 8300
1377 10200
1378 8600
1379 8500
1380 8700
1381 8600
1382 10800
1383 8600
1384 9300
1385 8500
1386 13100
1387 9100
1388 8700
1389 10400
1390 9200
1391 9800
1392 9000
1393 8700
1394 10000
1395 9000
1396 10900
1397 9900
1398 19100
1399 9300
1400 8700
1401 10000
1402 9300
1403 10700
1404 9300
1405 8600
1406 8400
1407 9000
1408 10300
1409 9000
1410 10500
1411 8500
1412 10900
1413 18600
1414 8600
1415 10200
1416 19900
1417 10800
1418 8600
1419 8600
1420 8500
1421 8300
1422 10500
1423 8500
1424 10500
1425 8800
1426 8600
1427 8900
1428 8600
1429 10500
1430 8800
1431 10300
1432 8700
1433 8500
1434 9100
1435 9100
1436 11300
1437 8800
1438 10800
1439 9300
1440 8700
1441 9400
1442 8700
1443 10800
1444 8500
1445 9900
1446 8600
1447 9100
1448 9500
1449 8900
1450 10900
1451 8800
1452 9900
1453 8600
1454 8900
1455 9800
1456 8700
1457 11000
1458 19000
1459 9600
1460 8800
1461 8500
1462 9900
1463 8900
1464 10900
1465 8600
1466 8900
1467 8700
1468 8600
1469 10300
1470 9000
1471 11000
1472 8700
1473 8400
1474 8100
1475 18900
1476 9900
1477 8600
1478 10300
1479 9400
1480 9100
1481 9700
1482 18700
1483 10400
1484 8900
1485 21200
1486 8100
1487 8400
1488 8300
1489 8600
1490 10200
1491 8700
1492 22300
1493 8500
1494 8800
1495 8600
1496 8800
1497 10300
1498 9500
1499 9800
1500 8500
1501 8300
1502 9100
1503 9300
1504 12900
1505 9300
1506 9800
1507 8600
1508 8700
1509 9300
1510 8500
1511 11000
1512 8700
1513 9900
1514 9200
1515 8700
1516 9400
1517 8800
1518 10800
1519 8700
1520 9600
1521 9400
1522 9000
1523 10000
1524 9200
1525 10800
1526 9000
1527 18900
1528 9500
1529 8900
1530 9900
1531 9600
1532 10800
1533 8800
1534 8800
1535 8300
1536 9100
1537 10700
1538 10000
1539 10900
1540 9000
1541 8700
1542 8700
1543 9000
1544 10500
1545 8600
1546 10700
1547 8900
1548 8500
1549 8500
1550 8700
1551 10800
1552 8800
1553 10300
1554 8500
1555 8800
1556 9000
1557 8900
1558 10900
1559 8500
1560 10700
1561 8700
1562 8800
1563 9200
1564 8600
1565 17000
1566 9400
1567 10200
1568 8600
1569 8800
1570 9200
1571 8900
1572 10900
1573 18400
1574 9800
1575 8400
1576 8800
1577 9100
1578 8700
1579 11100
1580 10300
1581 9100
1582 8500
1583 8700
1584 9400
1585 8800
1586 10900
1587 8700
1588 9400
1589 8600
1590 8800
1591 10100
1592 9200
1593 11400
1594 9300
1595 8700
1596 9000
1597 9100
1598 10100
1599 8600
1600 21200
1601 8800
1602 8600
1603 8300
1604 8700
1605 10200
1606 9500
1607 10900
1608 9400
1609 9300
1610 8600
1611 8600
1612 10400
1613 8800
1614 10800
1615 8800
1616 10500
1617 8700
1618 8800
1619 11500
1620 9300
1621 10900
1622 9200
1623 9300
1624 8900
1625 8700
1626 10400
1627 10400
1628 10500
1629 8600
1630 8700
1631 9100
1632 9000
1633 11000
1634 8500
1635 9800
1636 8600
1637 9000
1638 9200
1639 8800
1640 10500
1641 8800
1642 10300
1643 8700
1644 8900
1645 9400
1646 8800
1647 11800
1648 8800
1649 9600
1650 9000
1651 8500
1652 9700
1653 13200
1654 11100
1655 8800
1656 9000
1657 8500
1658 9000
1659 10000
1660 8900
1661 10600
1662 8600
1663 11800
